$$SOE
1977-Aug-20, 1.280866886426411E+08, -8.062940639599621E+07, -1.209747590415180E+03, 2.149894398757692E+01, 3.700251372952846E+01, 5.213188855804253E+00
1977-Sep-19, 1.558439890063124E+08, 1.503704113212651E+07, 8.089415130579878E+06, 3.470744440175071E+00, 3.778854848185746E+01, 2.855723071873173E+00
1977-Oct-19, 1.491420359112986E+08, 1.084993079280821E+08, 1.446570854587838E+07, -7.643369815741544E+00, 3.358217182328078E+01, 2.057281014565858E+00
1977-Nov-18, 1.210245924055655E+08, 1.877151701226432E+08, 1.886468904228118E+07, -1.331872936102130E+01, 2.757889417171411E+01, 1.372689097103287E+00
1977-Dec-18, 8.283763423419924E+07, 2.522481896448261E+08, 2.176074204092824E+07, -1.578484991683699E+01, 2.240826052006850E+01, 8.919960375583056E-01
1978-Jan-17, 4.049958728167923E+07, 3.048495597565812E+08, 2.361675955814946E+07, -1.671296568498785E+01, 1.834878890674971E+01, 5.599005560703043E-01
1978-Feb-16, -3.181178307261801E+06, 3.481325219495091E+08, 2.474581596563844E+07, -1.690864613925460E+01, 1.517466061133593E+01, 3.240130024389778E-01
1978-Mar-18, -4.684852410893629E+07, 3.840734825696197E+08, 2.535010900735399E+07, -1.674384441698628E+01, 1.264916062351993E+01, 1.506661707098562E-01
1978-Apr-17, -8.982623353863133E+07, 4.141130726769150E+08, 2.556290085284224E+07, -1.639687840177926E+01, 1.059685894665018E+01, 1.927440914921874E-02
1978-May-17, -1.317714019740825E+08, 4.393098345214185E+08, 2.547509763664484E+07, -1.595767657552746E+01, 8.895591576964451E+00, -8.295389260575270E-02
1978-Jun-16, -1.725126325099930E+08, 4.604570064449717E+08, 2.515088513856229E+07, -1.547358167426164E+01, 7.460400149254824E+00, -1.642406215682519E-01
1978-Jul-16, -2.119702018548733E+08, 4.781621817206735E+08, 2.463699488427824E+07, -1.497033126493075E+01, 6.231346977384570E+00, -2.300536240513571E-01
1978-Aug-15, -2.501148714086617E+08, 4.929007824906780E+08, 2.396838433543089E+07, -1.446229460788338E+01, 5.165255932031932E+00, -2.841446019791691E-01
1978-Sep-14, -2.869456063919102E+08, 5.050520070087429E+08, 2.317179275001907E+07, -1.395745684181188E+01, 4.230375028298458E+00, -3.291810558931785E-01
1978-Oct-14, -3.224768781263814E+08, 5.149238359645348E+08, 2.226803434763491E+07, -1.346014488789359E+01, 3.403074960222948E+00, -3.671126243590864E-01
1978-Nov-13, -3.567315354657042E+08, 5.227709911463067E+08, 2.127354444132698E+07, -1.297267491628842E+01, 2.665555974147135E+00, -3.994046226202878E-01
1978-Dec-13, -3.897366771104228E+08, 5.288079570251215E+08, 2.020138986170995E+07, -1.249611751651617E+01, 2.004403398351839E+00, -4.272126307039866E-01
1979-Jan-12, -4.215211809441168E+08, 5.332192840627300E+08, 1.906191906344596E+07, -1.203087125302913E+01, 1.409861341598476E+00, -4.514935313273808E-01
1979-Feb-11, -4.521146635383814E+08, 5.361685484391022E+08, 1.786314124258080E+07, -1.157714109176539E+01, 8.754838933891960E-01, -4.731219836363826E-01
1979-Mar-13, -4.815471880711783E+08, 5.378075159841841E+08, 1.661071250442836E+07, -1.113511783803076E+01, 3.988810777994279E-01, -4.930777258250037E-01
1979-Apr-12, -5.098498162085601E+08, 5.382902953926431E+08, 1.530723773518667E+07, -1.070555262144440E+01, -1.470801432956440E-02, -5.128392589690702E-01
1979-May-12, -5.370582429553382E+08, 5.378072693953249E+08, 1.394956336967164E+07, -1.029191864583931E+01, -3.379074893015140E-01, -5.358235719599305E-01
1979-Jun-11, -5.632329628871307E+08, 5.367257005171089E+08, 1.251589657852647E+07, -9.916850601862317E+00, -4.229059218083575E-01, -5.765658378799647E-01
1979-Jul-11, -5.921161964510999E+08, 5.372191288827908E+08, 1.103378049103513E+07, -2.216551143889085E+01, -9.607779715471850E+00, 1.143244931115799E+00
1979-Aug-10, -6.378309261234126E+08, 5.092915347754560E+08, 1.352894759565309E+07, -1.659025914248603E+01, -1.094465493113514E+01, 9.043774636173971E-01
1979-Sep-09, -6.798745028427358E+08, 4.805767367152432E+08, 1.582789471836743E+07, -1.590616544585075E+01, -1.121185590710579E+01, 8.735547887812607E-01
1979-Oct-09, -7.204246646677830E+08, 4.511824125965571E+08, 1.806729186597997E+07, -1.539577888969818E+01, -1.146512233105600E+01, 8.552810255952785E-01
1979-Nov-08, -7.597303982431053E+08, 4.211637809197806E+08, 2.026443985506025E+07, -1.493850907681107E+01, -1.169289181761670E+01, 8.403637670736259E-01
1979-Dec-08, -7.978891602320915E+08, 3.905899671351869E+08, 2.242480874096352E+07, -1.450862469814669E+01, -1.189351655546847E+01, 8.267235522460838E-01
1980-Jan-07, -8.349597402042334E+08, 3.595306040851609E+08, 2.455068819812024E+07, -1.409813317313103E+01, -1.206777166733483E+01, 8.136888617843678E-01
1980-Feb-06, -8.709881381008576E+08, 3.280519818178689E+08, 2.664327630737540E+07, -1.370419429344154E+01, -1.221733291880897E+01, 8.010114336158716E-01
1980-Mar-07, -9.060156037513200E+08, 2.962155752728146E+08, 2.870335581366949E+07, -1.332568915515674E+01, -1.234417141616302E+01, 7.885962673451350E-01
1980-Apr-06, -9.400814768060440E+08, 2.640777377062251E+08, 3.073156950898363E+07, -1.296219433520085E+01, -1.245025315296678E+01, 7.764242125155301E-01
1980-May-06, -9.732244542398473E+08, 2.316896442336466E+08, 3.272855497802678E+07, -1.261355653911812E+01, -1.253760580442031E+01, 7.645025427401473E-01
1980-Jun-05, -1.005482842118909E+09, 1.990972452923267E+08, 3.469497702450591E+07, -1.227960111424449E+01, -1.260821240709443E+01, 7.528437310513638E-01
1980-Jul-05, -1.036894426707335E+09, 1.663415636919067E+08, 3.663154459694583E+07, -1.196012789513987E+01, -1.266389913181768E+01, 7.414704825525549E-01
1980-Aug-04, -1.067496417252618E+09, 1.334589464949788E+08, 3.853901965655468E+07, -1.165485577644805E+01, -1.270644024389905E+01, 7.303975323249006E-01
1980-Sep-03, -1.097325091626353E+09, 1.004813302841038E+08, 4.041818833173158E+07, -1.136334858465068E+01, -1.273744372202917E+01, 7.196300042207806E-01
1980-Oct-03, -1.126415528265057E+09, 6.743682874853282E+07, 4.226985669316306E+07, -1.108515890235523E+01, -1.275827144076766E+01, 7.091799258984741E-01
1980-Nov-02, -1.154801669217444E+09, 3.435014860155381E+07, 4.409485619086579E+07, -1.081983363920450E+01, -1.277018726914329E+01, 6.990527730782157E-01
1980-Dec-02, -1.182516234759915E+09, 1.242905339264354E+06, 4.589402500452523E+07, -1.056688734016389E+01, -1.277430222678736E+01, 6.892497212267195E-01
1981-Jan-01, -1.209590788604217E+09, -3.186592250616787E+07, 4.766821781812613E+07, -1.032594520944313E+01, -1.277157559007085E+01, 6.797827897108055E-01
1981-Jan-31, -1.236056025534906E+09, -6.495987300347783E+07, 4.941831451190664E+07, -1.009668417824970E+01, -1.276298244213507E+01, 6.706576784953429E-01
1981-Mar-02, -1.261941817510609E+09, -9.802495032696801E+07, 5.114520359805211E+07, -9.878801109262742E+00, -1.274943260084679E+01, 6.618774104048120E-01
1981-Apr-01, -1.287277509743550E+09, -1.310493686021163E+08, 5.284980231814731E+07, -9.672244401157457E+00, -1.273176049221636E+01, 6.534621128137106E-01
1981-May-01, -1.312092824764377E+09, -1.640236441747822E+08, 5.453309463958430E+07, -9.477403280942124E+00, -1.271091291845335E+01, 6.454457172828567E-01
1981-May-31, -1.336419762282285E+09, -1.969410153448439E+08, 5.619621118797008E+07, -9.295877019015405E+00, -1.268809354173549E+01, 6.379207714455806E-01
1981-Jun-30, -1.360299071957477E+09, -2.297990298028445E+08, 5.784075970177901E+07, -9.133893215680617E+00, -1.266580035031865E+01, 6.312134641708269E-01
1981-Jul-30, -1.383812224222222E+09, -2.626095615482922E+08, 5.947039075964029E+07, -9.026698082286673E+00, -1.265584778504460E+01, 6.270663366877862E-01
1981-Aug-29, -1.404190681041199E+09, -2.988718701510519E+08, 6.080323281232359E+07, 3.753170028017935E+00, -2.080140765100046E+01, -4.036317870080506E-01
1981-Sep-28, -1.394485508418972E+09, -3.511432649158852E+08, 5.981478255220170E+07, 3.799958627913639E+00, -2.000029435400273E+01, -3.784598814792597E-01
1981-Oct-28, -1.384419994171410E+09, -4.028841551058807E+08, 5.883186248972076E+07, 3.959991428881390E+00, -1.992019493729357E+01, -3.816950021520613E-01
1981-Nov-27, -1.373955272870502E+09, -4.544282053152698E+08, 5.783498571417546E+07, 4.114609911775058E+00, -1.985285961165116E+01, -3.875714960928054E-01
1981-Dec-27, -1.363091117534669E+09, -5.058041528289198E+08, 5.682253732676077E+07, 4.267843505320119E+00, -1.978910064835656E+01, -3.936434188493676E-01
1982-Jan-26, -1.351833206194913E+09, -5.570137802392220E+08, 5.579438151999575E+07, 4.418281824784407E+00, -1.972413203814499E+01, -3.996697593173772E-01
1982-Feb-25, -1.340189771671882E+09, -6.080516787801584E+08, 5.475076940099829E+07, 4.565209556763155E+00, -1.965644944213843E+01, -4.055575086623460E-01
1982-Mar-27, -1.328170708107546E+09, -6.589100762702221E+08, 5.369213872580326E+07, 4.708036515478282E+00, -1.958560989608051E+01, -4.112522297381593E-01
1982-Apr-26, -1.315787223059109E+09, -7.095807940141594E+08, 5.261902797112861E+07, 4.846345035804625E+00, -1.951166891535554E+01, -4.167279459115258E-01
1982-May-26, -1.303051377678795E+09, -7.600560602734488E+08, 5.153202319858232E+07, 4.979874880630156E+00, -1.943483524457128E+01, -4.219694959524789E-01
1982-Jun-25, -1.289975885469150E+09, -8.103287609858835E+08, 5.043175135597858E+07, 5.108392810012843E+00, -1.935543198400693E+01, -4.269643484040611E-01
1982-Jul-25, -1.276573891366072E+09, -8.603927326161662E+08, 4.931885319770288E+07, 5.231801557102580E+00, -1.927384343105432E+01, -4.317131562864844E-01
1982-Aug-24, -1.262858644922354E+09, -9.102427283955885E+08, 4.819396255776459E+07, 5.350087891283833E+00, -1.919036864989029E+01, -4.362163132469963E-01
1982-Sep-23, -1.248843521605785E+09, -9.598742463064127E+08, 4.705772280069834E+07, 5.463182764551121E+00, -1.910532119779089E+01, -4.404705601759495E-01
1982-Oct-23, -1.234542006509223E+09, -1.009283656154536E+09, 4.591077496259648E+07, 5.571076353828378E+00, -1.901904821617517E+01, -4.444802129213326E-01
1982-Nov-22, -1.219967524360531E+09, -1.058468175543611E+09, 4.475374788554943E+07, 5.673800776763152E+00, -1.893184098335156E+01, -4.482466537130252E-01
1982-Dec-22, -1.205133482055148E+09, -1.107425814745792E+09, 4.358727300602800E+07, 5.771366490289083E+00, -1.884404742827295E+01, -4.517715561853199E-01
1983-Jan-21, -1.190053119830053E+09, -1.156155526182854E+09, 4.241196264897704E+07, 5.863895671235047E+00, -1.875602641874896E+01, -4.550670811666775E-01
1983-Feb-20, -1.174739244108321E+09, -1.204657059480012E+09, 4.122839621763611E+07, 5.951564952649300E+00, -1.866801896264076E+01, -4.581422596600886E-01
1983-Mar-22, -1.159204285801805E+09, -1.252930760088500E+09, 4.003713584469187E+07, 6.034512848371002E+00, -1.858026781268151E+01, -4.610058762184153E-01
1983-Apr-21, -1.143460250806155E+09, -1.300977580017232E+09, 3.883871194086498E+07, 6.112927827935993E+00, -1.849298586268297E+01, -4.636724787067283E-01
1983-May-21, -1.127518646614677E+09, -1.348798889125930E+09, 3.763362368082285E+07, 6.186968665822633E+00, -1.840628238870568E+01, -4.661478164741784E-01
1983-Jun-20, -1.111390707007705E+09, -1.396396402907891E+09, 3.642236252881235E+07, 6.256724816867415E+00, -1.832033757600709E+01, -4.684369127220842E-01
1983-Jul-20, -1.095087355409244E+09, -1.443772366580530E+09, 3.520539698742980E+07, 6.322355164544392E+00, -1.823536460677824E+01, -4.705518874226149E-01
1983-Aug-19, -1.078619030322579E+09, -1.490929483556848E+09, 3.398316754839313E+07, 6.384039778672366E+00, -1.815150035656884E+01, -4.724989424694526E-01
1983-Sep-18, -1.061995746456955E+09, -1.537870858689998E+09, 3.275609890801150E+07, 6.441959175149713E+00, -1.806892440105241E+01, -4.742880684329327E-01
1983-Oct-18, -1.045226941537476E+09, -1.584600030340775E+09, 3.152457969061673E+07, 6.496377116029621E+00, -1.798777385978038E+01, -4.759359232858351E-01
1983-Nov-17, -1.028321356479391E+09, -1.631120706628121E+09, 3.028896408485031E+07, 6.547523790144917E+00, -1.790805117465744E+01, -4.774493080231110E-01
1983-Dec-17, -1.011287260241887E+09, -1.677436628149468E+09, 2.904959196475244E+07, 6.595563832420070E+00, -1.782978811014576E+01, -4.788358985010879E-01
1984-Jan-16, -9.941324845020320E+08, -1.723551619897991E+09, 2.780677812731910E+07, 6.640673556025989E+00, -1.775300911468311E+01, -4.801065151499886E-01
1984-Feb-15, -9.768644526835469E+08, -1.769469483124146E+09, 2.656082049437416E+07, 6.682960189028569E+00, -1.767769040169040E+01, -4.812616106765164E-01
1984-Mar-16, -9.594903763573234E+08, -1.815194094661774E+09, 2.531201260297692E+07, 6.722518793979448E+00, -1.760391013660892E+01, -4.823072902136358E-01
1984-Apr-15, -9.420171131571225E+08, -1.860729560566364E+09, 2.406062177570486E+07, 6.759531200287020E+00, -1.753174592192856E+01, -4.832565044581045E-01
1984-May-15, -9.244510390164332E+08, -1.906080053009668E+09, 2.280689160525239E+07, 6.794151356094437E+00, -1.746119018697214E+01, -4.841131609475831E-01
1984-Jun-14, -9.067981656712495E+08, -1.951249786120183E+09, 2.155105127512026E+07, 6.826533353109968E+00, -1.739227368417816E+01, -4.848864427894766E-01
1984-Jul-14, -8.890640492363269E+08, -1.996243009205615E+09, 2.029330080236149E+07, 6.856871303653176E+00, -1.732497678829000E+01, -4.855880672691395E-01
1984-Aug-13, -8.712538373166598E+08, -2.041063786608598E+09, 1.903382645041549E+07, 6.885255259480205E+00, -1.725921142790614E+01, -4.862166069456793E-01
1984-Sep-12, -8.533725205064175E+08, -2.085716086807149E+09, 1.777281442918301E+07, 6.911748079906615E+00, -1.719498407223960E+01, -4.867753902755680E-01
1984-Oct-12, -8.354248553658584E+08, -2.130203934369542E+09, 1.651043535178494E+07, 6.936472907673796E+00, -1.713231080172208E+01, -4.872718037679240E-01
1984-Nov-11, -8.174153125180001E+08, -2.174531315637636E+09, 1.524685294786310E+07, 6.959505760141430E+00, -1.707117636603673E+01, -4.877045290213680E-01
1984-Dec-11, -7.993480176721662E+08, -2.218705715987830E+09, 1.398213746180797E+07, 6.981016033645446E+00, -1.701304907638429E+01, -4.881169561753600E-01
1985-Jan-10, -7.812269186953511E+08, -2.262728051887618E+09, 1.271649887212467E+07, 7.001093264273170E+00, -1.695504862446877E+01, -4.884481960161695E-01
1985-Feb-09, -7.630554692405541E+08, -2.306601947461579E+09, 1.145006154433179E+07, 7.019878446238121E+00, -1.689850429009010E+01, -4.887339669433519E-01
1985-Mar-11, -7.448369242319294E+08, -2.350331108515454E+09, 1.018293722375739E+07, 7.037443030100141E+00, -1.684336449769205E+01, -4.889793606821282E-01
1985-Apr-10, -7.265743383278201E+08, -2.393919099696249E+09, 8.915222136230111E+06, 7.053866501372774E+00, -1.678955521611520E+01, -4.891890085377772E-01
1985-May-10, -7.082706915199789E+08, -2.437369271568482E+09, 7.647017014789224E+06, 7.069123949873652E+00, -1.673702918428360E+01, -4.893577041672819E-01
1985-Jun-09, -6.899289899043777E+08, -2.480685011985217E+09, 6.378424194458604E+06, 7.083240633279598E+00, -1.668584088709964E+01, -4.894895604001182E-01
1985-Jul-09, -6.715520501568818E+08, -2.523869845192625E+09, 5.109528045362830E+06, 7.096328486646792E+00, -1.663601242729836E+01, -4.895914527329488E-01
1985-Aug-08, -6.531424657756797E+08, -2.566927287085828E+09, 3.840407915353775E+06, 7.108444001695212E+00, -1.658755485364705E+01, -4.896635688170736E-01
1985-Sep-07, -6.347026283727791E+08, -2.609860955496561E+09, 2.571130906867504E+06, 7.119693828121517E+00, -1.654051840821327E+01, -4.897145413139921E-01
1985-Oct-07, -6.162345935936822E+08, -2.652674563570593E+09, 1.301738702650428E+06, 7.130211323294076E+00, -1.649491257880028E+01, -4.897520280255332E-01
1985-Nov-06, -5.977402350492606E+08, -2.695371943330667E+09, 3.226646388113499E+04, 7.140009765801604E+00, -1.645089517280281E+01, -4.897781777804369E-01
1985-Dec-06, -5.792213706996026E+08, -2.737958017659086E+09, -1.237280277623892E+06, 7.149137328159950E+00, -1.640929009609624E+01, -4.898174050482504E-01
1986-Jan-05, -5.606794725243239E+08, -2.780443874219599E+09, -2.507067395543814E+06, 7.157887986576418E+00, -1.637616349163233E+01, -4.900297741709725E-01
1986-Feb-04, -5.367747797731770E+08, -2.821819541250537E+09, -2.694346236258030E+06, 1.278188612542048E+01, -1.500332854814050E+01, 6.574516017477459E-01
1986-Mar-06, -5.036522193230269E+08, -2.860657944247337E+09, -9.917972266041040E+05, 1.277935006653194E+01, -1.496539057421996E+01, 6.566151337043733E-01
1986-Apr-05, -4.705219103190513E+08, -2.899391665554713E+09, 7.099403918060064E+05, 1.278428470627347E+01, -1.492240058619751E+01, 6.564792051778365E-01
1986-May-05, -4.373784303919024E+08, -2.938017745722178E+09, 2.411446359328747E+06, 1.278934484720134E+01, -1.488194536179256E+01, 6.564148804237346E-01
1986-Jun-04, -4.042222759864851E+08, -2.976540815895690E+09, 4.112798367492437E+06, 1.279403899857445E+01, -1.484283327848255E+01, 6.563550126381106E-01
1986-Jul-04, -3.710545414255179E+08, -3.014963816890694E+09, 5.813984246898890E+06, 1.279825631160065E+01, -1.480469151802732E+01, 6.562875055822373E-01
1986-Aug-03, -3.378766179546657E+08, -3.053289088705302E+09, 7.514986788144112E+06, 1.280189326720637E+01, -1.476742190420306E+01, 6.562131890603116E-01
1986-Sep-02, -3.046900347036931E+08, -3.091518905883026E+09, 9.215783841808796E+06, 1.280495160268772E+01, -1.473104361890768E+01, 6.561273819946116E-01
1986-Oct-02, -2.714961928467215E+08, -3.129655554901031E+09, 1.091633947740459E+07, 1.280749289496902E+01, -1.469552744755740E+01, 6.560283120600578E-01
1986-Nov-01, -2.382964132578372E+08, -3.167701278639340E+09, 1.261662523322010E+07, 1.280954595137126E+01, -1.466088723637964E+01, 6.559184903748605E-01
1986-Dec-01, -2.050918459673495E+08, -3.205658356703973E+09, 1.431660611894488E+07, 1.281121178427326E+01, -1.462712059884976E+01, 6.557916159841506E-01
1986-Dec-31, -1.718833635126288E+08, -3.243528917488246E+09, 1.601623705237174E+07, 1.281256159806043E+01, -1.459411138599573E+01, 6.556501243672956E-01
1987-Jan-30, -1.386718180218878E+08, -3.281314833190594E+09, 1.771548703980184E+07, 1.281357212057883E+01, -1.456180119161824E+01, 6.554979581620666E-01
1987-Mar-01, -1.054581047918278E+08, -3.319017891770274E+09, 1.941432800631642E+07, 1.281424098926652E+01, -1.453017394574680E+01, 6.553340094433793E-01
1987-Mar-31, -7.223646813239467E+07, -3.356652787311416E+09, 2.111326030174875E+07, 1.281876841526912E+01, -1.450744124803226E+01, 6.554986721949581E-01
1987-Apr-30, -3.901025744214933E+07, -3.394216639788898E+09, 2.281208942206311E+07, 1.281867467997457E+01, -1.447713201474039E+01, 6.553254678936336E-01
1987-May-30, -5.784749841728100E+06, -3.431702888880343E+09, 2.451045848568463E+07, 1.281824695016666E+01, -1.444756213182538E+01, 6.551424733373334E-01
1987-Jun-29, 2.743929099291588E+07, -3.469113396016047E+09, 2.620834226571798E+07, 1.281754171016692E+01, -1.441868605561576E+01, 6.549518315945511E-01
1987-Jul-29, 6.066117243599523E+07, -3.506449950782484E+09, 2.790572157498622E+07, 1.281658718568110E+01, -1.439049703485711E+01, 6.547528970870573E-01
1987-Aug-28, 9.388031722055140E+07, -3.543714311117530E+09, 2.960256971280050E+07, 1.281544346638180E+01, -1.436296590248954E+01, 6.545416896178171E-01
1987-Sep-27, 1.270962479577961E+08, -3.580908051152888E+09, 3.129886263031888E+07, 1.281409279678002E+01, -1.433600296056123E+01, 6.543259736844256E-01
1987-Oct-27, 1.603083573113941E+08, -3.618032655433035E+09, 3.299459458441019E+07, 1.281249141847065E+01, -1.430962711373857E+01, 6.541089640516677E-01
1987-Nov-26, 1.935160213701366E+08, -3.655089708280573E+09, 3.468975840195751E+07, 1.281067646655255E+01, -1.428387609064875E+01, 6.538873185479215E-01
1987-Dec-26, 2.267187259531411E+08, -3.692080785298419E+09, 3.638434729477620E+07, 1.280866226524082E+01, -1.425872515826130E+01, 6.536657596855555E-01
1988-Jan-25, 2.599159830865481E+08, -3.729007480653692E+09, 3.807835973763990E+07, 1.280648215812491E+01, -1.423420154863484E+01, 6.534417349444217E-01
1988-Feb-24, 2.931074744911990E+08, -3.765871418276391E+09, 3.977177979870200E+07, 1.280423019909474E+01, -1.421028199998796E+01, 6.532083858748816E-01
1988-Mar-25, 3.262930473215159E+08, -3.802674013214166E+09, 4.146458897988629E+07, 1.280190734318309E+01, -1.418686259729299E+01, 6.529709314783574E-01
1988-Apr-24, 3.594724720163269E+08, -3.839416518333821E+09, 4.315677853896093E+07, 1.279947999644967E+01, -1.416391515230537E+01, 6.527302539616819E-01
1988-May-24, 3.926454694571915E+08, -3.876100148009707E+09, 4.484833721498084E+07, 1.279694765860452E+01, -1.414142194666784E+01, 6.524849450092978E-01
1988-Jun-23, 4.258116941248028E+08, -3.912726026620591E+09, 4.653926404512215E+07, 1.279424311980969E+01, -1.411936590425193E+01, 6.522431662371062E-01
1988-Jul-23, 4.589706617268277E+08, -3.949295381719070E+09, 4.822956821954441E+07, 1.279135187314046E+01, -1.409782281523978E+01, 6.520037269596912E-01
1988-Aug-22, 4.921219826845377E+08, -3.985809619773848E+09, 4.991924708278203E+07, 1.278835700877491E+01, -1.407682811516656E+01, 6.517609090608518E-01
1988-Sep-21, 5.252654333001102E+08, -4.022270112997592E+09, 5.160829709489512E+07, 1.278528418133344E+01, -1.405635684926507E+01, 6.515181645130204E-01
1988-Oct-21, 5.584008690214068E+08, -4.058678224596148E+09, 5.329671478268743E+07, 1.278218206286798E+01, -1.403640952818627E+01, 6.512721357350078E-01
1988-Nov-20, 5.915283145647172E+08, -4.095035256919500E+09, 5.498448539833641E+07, 1.277912216107941E+01, -1.401691984348889E+01, 6.510201375998461E-01
1988-Dec-20, 6.246477660432494E+08, -4.131342257485144E+09, 5.667150588562608E+07, 1.277592799550338E+01, -1.399778923146086E+01, 6.505664707804613E-01
1989-Jan-19, 6.577589380242407E+08, -4.167600201200047E+09, 5.835745520058084E+07, 1.277280851778579E+01, -1.397909347224527E+01, 6.503204657884591E-01
1989-Feb-18, 6.908619981926212E+08, -4.203810238197932E+09, 6.004276859048533E+07, 1.276966838390806E+01, -1.396081693914469E+01, 6.500771397776308E-01
1989-Mar-20, 7.239568562752553E+08, -4.239973468215454E+09, 6.172746232400227E+07, 1.276648262172712E+01, -1.394299236870847E+01, 6.498421106725694E-01
1989-Apr-19, 7.570434455648726E+08, -4.276091181896820E+09, 6.341155554345632E+07, 1.276330523184796E+01, -1.392571573064738E+01, 6.496128388007794E-01
1989-May-19, 7.901219634995329E+08, -4.312164904374659E+09, 6.509506074034357E+07, 1.276027128994554E+01, -1.390905707138450E+01, 6.493909321571838E-01
1989-Jun-18, 8.231929189188375E+08, -4.348196471445856E+09, 6.677802086846614E+07, 1.275751086332589E+01, -1.389327131710452E+01, 6.491965523554359E-01
1989-Jul-18, 8.562576077562945E+08, -4.384189344647756E+09, 6.846056952882481E+07, 1.275565397862153E+01, -1.387963735903668E+01, 6.490951923956052E-01
1989-Aug-17, 8.893259527777004E+08, -4.420164475619025E+09, 7.014365544359088E+07, 1.276634595410975E+01, -1.389167271863992E+01, 6.502176578748822E-01
1989-Sep-16, 9.066365779392987E+08, -4.450475665419968E+09, 4.743333505405021E+07, 4.621796937814442E+00, -1.083779002375869E+01, -1.185777181610412E+01
1989-Oct-16, 9.186123488658426E+08, -4.478538253160474E+09, 1.670607616245055E+07, 4.618680362467801E+00, -1.081689735319539E+01, -1.185288889552709E+01
1989-Nov-15, 9.305796829625095E+08, -4.506553416062480E+09, -1.401459945197248E+07, 4.615368779887638E+00, -1.079999204503913E+01, -1.185152087274930E+01
1989-Dec-15, 9.425384422161083E+08, -4.534526251108948E+09, -4.473270625513911E+07, 4.612082804660596E+00, -1.078409169077643E+01, -1.185076437616174E+01
1990-Jan-14, 9.544887944058890E+08, -4.562458618371614E+09, -7.544911692421556E+07, 4.608894739171157E+00, -1.076872894759094E+01, -1.185018354721256E+01
1990-Feb-13, 9.664310757469548E+08, -4.590351573132950E+09, -1.061640836249697E+08, 4.605843133108215E+00, -1.075364867219816E+01, -1.184963533546508E+01
1990-Mar-15, 9.783655356428237E+08, -4.618205694517598E+09, -1.368776031697066E+08, 4.602853650060426E+00, -1.073874861314548E+01, -1.184905603291415E+01
1990-Apr-14, 9.902922616092638E+08, -4.646021439725283E+09, -1.675895614961402E+08, 4.599873246660851E+00, -1.072405016589430E+01, -1.184843404904348E+01
1990-May-14, 1.002211275040588E+09, -4.673799305884547E+09, -1.982998306171563E+08, 4.596888730214248E+00, -1.070951991616198E+01, -1.184774983083213E+01
1990-Jun-13, 1.014122507719766E+09, -4.701539772973161E+09, -2.290082275047243E+08, 4.593869683769663E+00, -1.069520622919336E+01, -1.184699158166188E+01
1990-Jul-13, 1.026025899733516E+09, -4.729243508799164E+09, -2.597145843800433E+08, 4.590860967954501E+00, -1.068117808842320E+01, -1.184617514122207E+01
1990-Aug-12, 1.037921593532665E+09, -4.756911186116852E+09, -2.904187429958513E+08, 4.587925246921998E+00, -1.066737415035149E+01, -1.184529428969228E+01
1990-Sep-11, 1.049809762860730E+09, -4.784543335420174E+09, -3.211205325275593E+08, 4.585055967283557E+00, -1.065376285429748E+01, -1.184434771559124E+01
1990-Oct-11, 1.061690594178654E+09, -4.812140473623342E+09, -3.518197910781078E+08, 4.582271448593824E+00, -1.064035003457459E+01, -1.184334204992945E+01
1990-Nov-10, 1.073564302083963E+09, -4.839703005271612E+09, -3.825163607454424E+08, 4.579541505516396E+00, -1.062705748605640E+01, -1.184227151803105E+01
1990-Dec-10, 1.085430932646721E+09, -4.867231273027718E+09, -4.132100696037211E+08, 4.576806443732170E+00, -1.061392061728408E+01, -1.184113506461200E+01
1991-Jan-09, 1.097290478676931E+09, -4.894725736433779E+09, -4.439007526773496E+08, 4.574090534172865E+00, -1.060097953051823E+01, -1.183993856589719E+01
1991-Feb-08, 1.109143052357340E+09, -4.922186915313324E+09, -4.745882601716013E+08, 4.571419727739899E+00, -1.058823424105570E+01, -1.183868410256758E+01
1991-Mar-10, 1.120988763673707E+09, -4.949615313735785E+09, -5.052724437869298E+08, 4.568800167069493E+00, -1.057568693990562E+01, -1.183737492483691E+01
1991-Apr-09, 1.132827801859469E+09, -4.977011424065411E+09, -5.359531707023325E+08, 4.566285347388659E+00, -1.056330986980675E+01, -1.183601839072404E+01
1991-May-09, 1.144660461634834E+09, -5.004375594195171E+09, -5.666303212241881E+08, 4.563861376514914E+00, -1.055103250925510E+01, -1.183461415675750E+01
1991-Jun-08, 1.156486875534337E+09, -5.031708048152331E+09, -5.973037677325516E+08, 4.561455776215229E+00, -1.053884127050668E+01, -1.183316055107574E+01
1991-Jul-08, 1.168307050097137E+09, -5.059009043810147E+09, -6.279733861670177E+08, 4.559051025746291E+00, -1.052675744895490E+01, -1.183166084781357E+01
1991-Aug-07, 1.180120958488858E+09, -5.086278867563120E+09, -6.586390554311719E+08, 4.556609457683868E+00, -1.051480045644809E+01, -1.183011298412125E+01
1991-Sep-06, 1.191928472519633E+09, -5.113517938777450E+09, -6.893006522518325E+08, 4.554121806389553E+00, -1.050304087727798E+01, -1.182851950628113E+01
1991-Oct-06, 1.203729562656242E+09, -5.140726820995583E+09, -7.199580648849025E+08, 4.551671696219147E+00, -1.049149947886259E+01, -1.182688582198631E+01
1991-Nov-05, 1.215524399316219E+09, -5.167906046575456E+09, -7.506111991284974E+08, 4.549295806892266E+00, -1.048015496515883E+01, -1.182521793865533E+01
1991-Dec-05, 1.227313187117737E+09, -5.195056083400742E+09, -7.812599649122796E+08, 4.547006175334437E+00, -1.046897385082163E+01, -1.182351583652710E+01
1992-Jan-04, 1.239096187267807E+09, -5.222177290351886E+09, -8.119042776508715E+08, 4.544831564237313E+00, -1.045788987005082E+01, -1.182178156056689E+01
1992-Feb-03, 1.250873629251657E+09, -5.249269839288592E+09, -8.425440515678055E+08, 4.542701461763230E+00, -1.044686484319285E+01, -1.182001320040669E+01
1992-Mar-04, 1.262645532972187E+09, -5.276333911279436E+09, -8.731791951393750E+08, 4.540552803217030E+00, -1.043592895999477E+01, -1.181820954816843E+01
1992-Apr-03, 1.274411861939448E+09, -5.303369782800467E+09, -9.038096211857338E+08, 4.538404295635424E+00, -1.042509906750599E+01, -1.181637307028386E+01
1992-May-03, 1.286172609477286E+09, -5.330377759794626E+09, -9.344352495702407E+08, 4.536244961347162E+00, -1.041441552142281E+01, -1.181450821397390E+01
1992-Jun-02, 1.297927761380232E+09, -5.357358263447277E+09, -9.650560096151495E+08, 4.534095014502089E+00, -1.040390742870182E+01, -1.181261811573826E+01
1992-Jul-02, 1.309677441116503E+09, -5.384311729570937E+09, -9.956718444541824E+08, 4.532027225842454E+00, -1.039353173063824E+01, -1.181070698296881E+01
1992-Aug-01, 1.321421831444224E+09, -5.411238417162629E+09, -1.026282697011929E+09, 4.530006904694457E+00, -1.038324603860406E+01, -1.180877404793547E+01
1992-Aug-31, 1.333161000551981E+09, -5.438138551159996E+09, -1.056888509013787E+09, 4.527995122965478E+00, -1.037305002082673E+01, -1.180681846410352E+01
1992-Sep-30, 1.344894981861627E+09, -5.465012378936113E+09, -1.087489226258160E+09, 4.525997696783273E+00, -1.036293750173598E+01, -1.180484130340963E+01
1992-Oct-30, 1.356623709905567E+09, -5.491860125692825E+09, -1.118084770038697E+09, 4.523926985165235E+00, -1.035294373692562E+01, -1.180282172261449E+01
1992-Nov-29, 1.368347036804748E+09, -5.518682176973125E+09, -1.148675080788279E+09, 4.521854318718872E+00, -1.034312010202284E+01, -1.180081074618742E+01
1992-Dec-29, 1.380065066620399E+09, -5.545478987766031E+09, -1.179260157782280E+09, 4.519844193378694E+00, -1.033345057351281E+01, -1.179878202553912E+01
1993-Jan-28, 1.391777971611714E+09, -5.572250918992702E+09, -1.209839956629290E+09, 4.517904285785694E+00, -1.032392345111036E+01, -1.179673938257141E+01
1993-Feb-27, 1.403485951996189E+09, -5.598998300923414E+09, -1.240414444381338E+09, 4.516050025208109E+00, -1.031450524659969E+01, -1.179468528805904E+01
1993-Mar-29, 1.415189262832175E+09, -5.625721326266361E+09, -1.270983595519570E+09, 4.514286815057335E+00, -1.030511091188345E+01, -1.179261979990397E+01
1993-Apr-28, 1.426888004693674E+09, -5.652420002366684E+09, -1.301547370579020E+09, 4.512512827111519E+00, -1.029572395851968E+01, -1.179053707837493E+01
1993-May-28, 1.438582076366539E+09, -5.679094421942511E+09, -1.332105726612062E+09, 4.510686291823936E+00, -1.028640850674011E+01, -1.178843977832778E+01
1993-Jun-27, 1.450271376296969E+09, -5.705744809781384E+09, -1.362658630307724E+09, 4.508824083785560E+00, -1.027717907064636E+01, -1.178632877125828E+01
1993-Jul-27, 1.461955774766056E+09, -5.732371437596388E+09, -1.393206042812377E+09, 4.506909901042125E+00, -1.026808533174079E+01, -1.178420361813077E+01
1993-Aug-26, 1.473635197963892E+09, -5.758974727307175E+09, -1.423747935797561E+09, 4.505003949608009E+00, -1.025917508680459E+01, -1.178207177316474E+01
1993-Sep-25, 1.485309784548172E+09, -5.785555093631395E+09, -1.454284297789737E+09, 4.503173317282449E+00, -1.025038195618230E+01, -1.177993450322579E+01
1993-Oct-25, 1.496979690803765E+09, -5.812112778385142E+09, -1.484815109555138E+09, 4.501390036735527E+00, -1.024167052671403E+01, -1.177778929407076E+01
1993-Nov-24, 1.508645018749281E+09, -5.838647986213563E+09, -1.515340352673336E+09, 4.499645976736515E+00, -1.023303803259344E+01, -1.177563863384970E+01
1993-Dec-24, 1.520305871932800E+09, -5.865160863600452E+09, -1.545860011334093E+09, 4.497920692463902E+00, -1.022443593456488E+01, -1.177347854712684E+01
1994-Jan-23, 1.531962205287060E+09, -5.891651522887543E+09, -1.576374055383842E+09, 4.496156093893585E+00, -1.021590396413107E+01, -1.177130678585029E+01
1994-Feb-22, 1.543613929517760E+09, -5.918120230221045E+09, -1.606882461279639E+09, 4.494379876000207E+00, -1.020750234844397E+01, -1.176912976718870E+01
1994-Mar-24, 1.555261091628035E+09, -5.944567289463898E+09, -1.637385218884147E+09, 4.492629936070177E+00, -1.019919573015840E+01, -1.176694768010032E+01
1994-Apr-23, 1.566903745016807E+09, -5.970992946505529E+09, -1.667882315073598E+09, 4.490903877517678E+00, -1.019098749912392E+01, -1.176476202907167E+01
1994-May-23, 1.578541985968954E+09, -5.997397453305770E+09, -1.698373747763006E+09, 4.489236433353368E+00, -1.018286695805016E+01, -1.176257869715741E+01
1994-Jun-22, 1.590175973147189E+09, -6.023780922803408E+09, -1.728859519888020E+09, 4.487602639599824E+00, -1.017474906201257E+01, -1.176039271374757E+01
1994-Jul-22, 1.601805679748179E+09, -6.050143369720004E+09, -1.759339618551542E+09, 4.485924293038352E+00, -1.016665330221522E+01, -1.175820093137035E+01
1994-Aug-21, 1.613430959380827E+09, -6.076484934319849E+09, -1.789814032243683E+09, 4.484195811676115E+00, -1.015863998565545E+01, -1.175600689027068E+01
1994-Sep-20, 1.625051697073728E+09, -6.102805827997274E+09, -1.820282752158155E+09, 4.482411668593990E+00, -1.015071209881892E+01, -1.175380685292310E+01
1994-Oct-20, 1.636667742767835E+09, -6.129106354763193E+09, -1.850745763656226E+09, 4.480582909697255E+00, -1.014293348592307E+01, -1.175160306417265E+01
1994-Nov-19, 1.648279081247581E+09, -6.155386956024808E+09, -1.881203067232302E+09, 4.478800652386562E+00, -1.013532740001032E+01, -1.174940359343418E+01
1994-Dec-19, 1.659885908378484E+09, -6.181647963187257E+09, -1.911654672293468E+09, 4.477095894374674E+00, -1.012780740358939E+01, -1.174720543380041E+01
1995-Jan-18, 1.671488398529490E+09, -6.207889553293044E+09, -1.942100581266672E+09, 4.475449743368676E+00, -1.012034047290266E+01, -1.174500857913047E+01
1995-Feb-17, 1.683086694321299E+09, -6.234111837910227E+09, -1.972540801529537E+09, 4.473860595601294E+00, -1.011289789858882E+01, -1.174281578344573E+01
1995-Mar-19, 1.694680868250802E+09, -6.260314794145050E+09, -2.002975334443726E+09, 4.472251030692084E+00, -1.010543395260729E+01, -1.174061937780061E+01
1995-Apr-18, 1.706270776066888E+09, -6.286498443645412E+09, -2.033404169212245E+09, 4.470564990600764E+00, -1.009801459450156E+01, -1.173841961482063E+01
1995-May-18, 1.717856253891813E+09, -6.312662998302165E+09, -2.063827305652473E+09, 4.468844461605189E+00, -1.009069626354826E+01, -1.173622282521333E+01
1995-Jun-17, 1.729437233582351E+09, -6.338808691681818E+09, -2.094244747925900E+09, 4.467092817147257E+00, -1.008346860370110E+01, -1.173402615427127E+01
1995-Jul-17, 1.741013657070758E+09, -6.364935800431054E+09, -2.124656500438027E+09, 4.465334803918139E+00, -1.007635946544963E+01, -1.173183347056656E+01
1995-Aug-16, 1.752585590847736E+09, -6.391044622324581E+09, -2.155062582075434E+09, 4.463635512938914E+00, -1.006933903746646E+01, -1.172964997736546E+01
1995-Sep-15, 1.764153149049900E+09, -6.417135270505512E+09, -2.185463007219997E+09, 4.461946774471651E+00, -1.006233831379794E+01, -1.172746837406702E+01
1995-Oct-15, 1.775716288234581E+09, -6.443207820308434E+09, -2.215857778615413E+09, 4.460220559565917E+00, -1.005538367337195E+01, -1.172528783006111E+01
1995-Nov-14, 1.787274926719106E+09, -6.469262441457747E+09, -2.246246903508403E+09, 4.458475815309342E+00, -1.004849706043709E+01, -1.172311066107605E+01
1995-Dec-14, 1.798828977570119E+09, -6.495299298547889E+09, -2.276630382462008E+09, 4.456679103016802E+00, -1.004168893284955E+01, -1.172093170808599E+01
1996-Jan-13, 1.810378325400193E+09, -6.521318672639879E+09, -2.307008215329658E+09, 4.454856415128577E+00, -1.003501648044240E+01, -1.171875546723072E+01
1996-Feb-12, 1.821923019386326E+09, -6.547320924100910E+09, -2.337380419551748E+09, 4.453096024393397E+00, -1.002845834940593E+01, -1.171658802432348E+01
1996-Mar-13, 1.833463214354648E+09, -6.573306247971352E+09, -2.367747012075552E+09, 4.451382565250520E+00, -1.002195260241918E+01, -1.171442574450726E+01
1996-Apr-12, 1.844999009894678E+09, -6.599274754556087E+09, -2.398108008393966E+09, 4.449699539074817E+00, -1.001548258237932E+01, -1.171227071344647E+01
1996-May-12, 1.856530489517278E+09, -6.625226495648664E+09, -2.428463430545089E+09, 4.448041107740027E+00, -1.000900123833134E+01, -1.171012295609156E+01
1996-Jun-11, 1.868057589387379E+09, -6.651161410884209E+09, -2.458813285663465E+09, 4.446309781482580E+00, -1.000251195612877E+01, -1.170797512439696E+01
1996-Jul-11, 1.879580067432553E+09, -6.677079582917346E+09, -2.489157574939370E+09, 4.444479450224942E+00, -9.996099538984682E+00, -1.170582957957296E+01
1996-Aug-10, 1.891097740610881E+09, -6.702981275282939E+09, -2.519496311167990E+09, 4.442603736021145E+00, -9.989790491978528E+00, -1.170368930368463E+01
1996-Sep-09, 1.902610486475930E+09, -6.728866769452435E+09, -2.549829503418941E+09, 4.440684651551730E+00, -9.983608468495536E+00, -1.170155258828545E+01
1996-Oct-09, 1.914118257012951E+09, -6.754736435291473E+09, -2.580157167418961E+09, 4.438780053195901E+00, -9.977579611229389E+00, -1.169942525450462E+01
1996-Nov-08, 1.925621200579646E+09, -6.780590601137444E+09, -2.610479333214101E+09, 4.436955563964346E+00, -9.971627789599520E+00, -1.169730847600713E+01
1996-Dec-08, 1.937119458929489E+09, -6.806429379325272E+09, -2.640796019030264E+09, 4.435158577295653E+00, -9.965704897263334E+00, -1.169519674345054E+01
1997-Jan-07, 1.948613053847718E+09, -6.832252852039617E+09, -2.671107237904998E+09, 4.433359027004065E+00, -9.959823517668383E+00, -1.169309107623033E+01
1997-Feb-06, 1.960101987411080E+09, -6.858061109114517E+09, -2.701413006271122E+09, 4.431548836238185E+00, -9.953958742864563E+00, -1.169098937197891E+01
1997-Mar-08, 1.971586147081668E+09, -6.883854224573526E+09, -2.731713327893245E+09, 4.429674900717235E+00, -9.948150880755865E+00, -1.168888887832805E+01
1997-Apr-07, 1.983065386369126E+09, -6.909632431528092E+09, -2.762008212370511E+09, 4.427767678591070E+00, -9.942462939330726E+00, -1.168679584426027E+01
1997-May-07, 1.994539717370323E+09, -6.935396014527676E+09, -2.792297684655714E+09, 4.425883336322259E+00, -9.936856798810535E+00, -1.168471161626741E+01
1997-Jun-06, 2.006009175270077E+09, -6.961145157798308E+09, -2.822581764360081E+09, 4.424008659745626E+00, -9.931319535256607E+00, -1.168263527219943E+01
1997-Jul-06, 2.017473792304858E+09, -6.986880035292502E+09, -2.852860475890809E+09, 4.422155799833595E+00, -9.925845950399543E+00, -1.168057047869562E+01
1997-Aug-05, 2.028933631713138E+09, -7.012600731661108E+09, -2.883133846807289E+09, 4.420303526866406E+00, -9.920371112162393E+00, -1.167851243098275E+01
1997-Sep-04, 2.040388580261298E+09, -7.038307268447992E+09, -2.913401886428406E+09, 4.418375805588327E+00, -9.914930912732778E+00, -1.167645679529231E+01
1997-Oct-04, 2.051838429313278E+09, -7.063999837856559E+09, -2.943664604456587E+09, 4.416382309023460E+00, -9.909602451050542E+00, -1.167440749521457E+01
1997-Nov-03, 2.063283075775565E+09, -7.089678733564828E+09, -2.973922017974389E+09, 4.414356898763448E+00, -9.904382131462532E+00, -1.167236281074005E+01
1997-Dec-03, 2.074722445822052E+09, -7.115344280530480E+09, -3.004174138488475E+09, 4.412319620435252E+00, -9.899306116494973E+00, -1.167032411790419E+01
1998-Jan-02, 2.086156597165922E+09, -7.140996873340994E+09, -3.034420990124083E+09, 4.410349675760807E+00, -9.894376642001887E+00, -1.166829856686270E+01
1998-Feb-01, 2.097585772341653E+09, -7.166636757120388E+09, -3.064662605827584E+09, 4.408467616711381E+00, -9.889487732540562E+00, -1.166628272935549E+01
1998-Mar-03, 2.109010122128056E+09, -7.192263984170874E+09, -3.094899006040197E+09, 4.406617209098643E+00, -9.884608526059090E+00, -1.166427409776816E+01
1998-Apr-02, 2.120429681157676E+09, -7.217878591739532E+09, -3.125130211618553E+09, 4.404773474891767E+00, -9.879746909586384E+00, -1.166227483163439E+01
1998-May-02, 2.131844419789198E+09, -7.243480584106609E+09, -3.155356240480432E+09, 4.402880908647304E+00, -9.874882834680591E+00, -1.166027862383433E+01
1998-Jun-01, 2.143254139701717E+09, -7.269070047941374E+09, -3.185577098741395E+09, 4.400901176875901E+00, -9.870093516771355E+00, -1.165828572543896E+01
1998-Jul-01, 2.154658670552099E+09, -7.294647279504287E+09, -3.215792803788031E+09, 4.398895059883276E+00, -9.865442187155313E+00, -1.165630328879182E+01
1998-Jul-31, 2.166058010385586E+09, -7.320212588155281E+09, -3.246003381171681E+09, 4.396893292598048E+00, -9.860895381660677E+00, -1.165432885823006E+01
1998-Aug-30, 2.177452184877799E+09, -7.345766255287824E+09, -3.276208853083421E+09, 4.394912898204860E+00, -9.856458870587872E+00, -1.165236433890575E+01
1998-Sep-29, 2.188841304221547E+09, -7.371308553062834E+09, -3.306409251402687E+09, 4.393000713332995E+00, -9.852106598174085E+00, -1.165041387622645E+01
1998-Oct-29, 2.200225512868571E+09, -7.396839585663595E+09, -3.336604603132446E+09, 4.391108638284097E+00, -9.847769055342278E+00, -1.164846938246918E+01
1998-Nov-28, 2.211604783672935E+09, -7.422359430053204E+09, -3.366794920191947E+09, 4.389185871383110E+00, -9.843483732883051E+00, -1.164652928015423E+01
1998-Dec-28, 2.222979060050678E+09, -7.447868292251907E+09, -3.396980219523118E+09, 4.387263667247517E+00, -9.839289394448837E+00, -1.164459757403714E+01
1999-Jan-27, 2.234348343931232E+09, -7.473366376717356E+09, -3.427160517003752E+09, 4.385330877197609E+00, -9.835176343825708E+00, -1.164266993110581E+01
1999-Feb-26, 2.245712624041660E+09, -7.498853948571465E+09, -3.457335827081715E+09, 4.383409573696030E+00, -9.831183314005123E+00, -1.164075032859685E+01
1999-Mar-28, 2.257072027749398E+09, -7.524331321524572E+09, -3.487506180796630E+09, 4.381578041293187E+00, -9.827287476463823E+00, -1.163884533129946E+01
1999-Apr-27, 2.268426774481502E+09, -7.549798623708951E+09, -3.517671608980305E+09, 4.379807651240300E+00, -9.823410709300912E+00, -1.163694954802523E+01
1999-May-27, 2.279776965081880E+09, -7.575255891934267E+09, -3.547832134778502E+09, 4.378055840324467E+00, -9.819549041996527E+00, -1.163506292038922E+01
1999-Jun-26, 2.291122637821193E+09, -7.600703174643773E+09, -3.577987785133657E+09, 4.376316593348640E+00, -9.815695572976097E+00, -1.163318638813087E+01
1999-Jul-26, 2.302463731530450E+09, -7.626140476388567E+09, -3.608138575137322E+09, 4.374514500609386E+00, -9.811862653103411E+00, -1.163131261523932E+01
1999-Aug-25, 2.313800057639418E+09, -7.651567963107835E+09, -3.638284513902487E+09, 4.372644211049689E+00, -9.808139003327970E+00, -1.162944430643893E+01
1999-Sep-24, 2.325131543549309E+09, -7.676985986930172E+09, -3.668425624701355E+09, 4.370789212085009E+00, -9.804551075842067E+00, -1.162758669661282E+01
1999-Oct-24, 2.336458253693942E+09, -7.702394863629976E+09, -3.698561930240665E+09, 4.368965297770663E+00, -9.801084429710667E+00, -1.162573712986604E+01
1999-Nov-23, 2.347780321265733E+09, -7.727794911257503E+09, -3.728693456056888E+09, 4.367216398817256E+00, -9.797737850103857E+00, -1.162389977485969E+01
1999-Dec-23, 2.359098024311634E+09, -7.753186368322601E+09, -3.758820239214757E+09, 4.365592962687607E+00, -9.794432579978498E+00, -1.162207602422310E+01
2000-Jan-22, 2.370411596231709E+09, -7.778569239356659E+09, -3.788942303464218E+09, 4.364018342317401E+00, -9.791114673471817E+00, -1.162025840990732E+01
2000-Feb-21, 2.381721091506810E+09, -7.803943521849343E+09, -3.819059664025055E+09, 4.362446179329828E+00, -9.787816261551887E+00, -1.161844754326079E+01
2000-Mar-22, 2.393026535576735E+09, -7.829309290777750E+09, -3.849172342198535E+09, 4.360885461073134E+00, -9.784539088991762E+00, -1.161664404759368E+01
2000-Apr-21, 2.404327895394495E+09, -7.854666622359639E+09, -3.879280350659134E+09, 4.359296216046118E+00, -9.781317127343415E+00, -1.161484503313326E+01
2000-May-21, 2.415625127613917E+09, -7.880015737006025E+09, -3.909383707433965E+09, 4.357714873189559E+00, -9.778206966805534E+00, -1.161305653507441E+01
2000-Jun-20, 2.426918364867401E+09, -7.905356897866754E+09, -3.939482447079011E+09, 4.356211821172501E+00, -9.775163820881550E+00, -1.161128109496272E+01
2000-Jul-20, 2.438207774509998E+09, -7.930690216226296E+09, -3.969576597167039E+09, 4.354759663441595E+00, -9.772153857446318E+00, -1.160951535351700E+01
2000-Aug-19, 2.449493468210775E+09, -7.956015774569705E+09, -3.999666184272246E+09, 4.353348213287887E+00, -9.769178285288653E+00, -1.160776115783550E+01
2000-Sep-18, 2.460775561440813E+09, -7.981333619582500E+09, -4.029751237621551E+09, 4.351966362127549E+00, -9.766195135906813E+00, -1.160601503538955E+01
2000-Oct-18, 2.472054029987846E+09, -8.006643758360310E+09, -4.059831769135430E+09, 4.350548776261938E+00, -9.763243833736889E+00, -1.160427226211350E+01
2000-Nov-17, 2.483328789015536E+09, -8.031946373237701E+09, -4.089907791569537E+09, 4.349119668227369E+00, -9.760399827289435E+00, -1.160253738615517E+01
2000-Dec-17, 2.494599911931277E+09, -8.057241737558800E+09, -4.119979329658392E+09, 4.347741289187383E+00, -9.757642519451830E+00, -1.160081097827192E+01
2001-Jan-16, 2.505867535677622E+09, -8.082530068284571E+09, -4.150046403299256E+09, 4.346426340205682E+00, -9.754971480190680E+00, -1.159909324794801E+01
2001-Feb-15, 2.517131878975810E+09, -8.107811576418476E+09, -4.180109041610945E+09, 4.345223814128348E+00, -9.752369931654368E+00, -1.159738996209064E+01
2001-Mar-17, 2.528393274562537E+09, -8.133086312519505E+09, -4.210167281651945E+09, 4.344134448532524E+00, -9.749731840610981E+00, -1.159569767999485E+01
2001-Apr-16, 2.539651895629336E+09, -8.158354140348513E+09, -4.240221144101280E+09, 4.343071650811173E+00, -9.747042145095170E+00, -1.159401195157226E+01
2001-May-16, 2.550907746943205E+09, -8.183614979398272E+09, -4.270270647337954E+09, 4.342001952078863E+00, -9.744344698552942E+00, -1.159233491339506E+01
2001-Jun-15, 2.562160805091682E+09, -8.208868807354817E+09, -4.300315811394556E+09, 4.340903301343701E+00, -9.741638212350963E+00, -1.159066255285053E+01
2001-Jul-15, 2.573410947334489E+09, -8.234115686460545E+09, -4.330356646267036E+09, 4.339756025860517E+00, -9.738994472089997E+00, -1.158899512740473E+01
2001-Aug-14, 2.584658116881246E+09, -8.259355866603567E+09, -4.360393173383240E+09, 4.338630648153247E+00, -9.736467886309926E+00, -1.158734003716216E+01
2001-Sep-13, 2.595902465000776E+09, -8.284589580483034E+09, -4.390425425181219E+09, 4.337574259146076E+00, -9.733999259519978E+00, -1.158569536116918E+01
2001-Oct-13, 2.607144160754400E+09, -8.309816953670380E+09, -4.420453426902060E+09, 4.336584034639197E+00, -9.731571956997659E+00, -1.158406077275585E+01
2001-Nov-12, 2.618383392236113E+09, -8.335038077967101E+09, -4.450477208387156E+09, 4.335680058996815E+00, -9.729166643697239E+00, -1.158243921285954E+01
2001-Dec-12, 2.629620356438173E+09, -8.360252911727955E+09, -4.480496795600419E+09, 4.334817058668247E+00, -9.726719715009400E+00, -1.158082309688493E+01
2002-Jan-11, 2.640855071946622E+09, -8.385461392664001E+09, -4.510512198382999E+09, 4.333940850466904E+00, -9.724274480382464E+00, -1.157921069802108E+01
2002-Feb-10, 2.652087525467174E+09, -8.410663605058911E+09, -4.540523432822846E+09, 4.333084650918648E+00, -9.721879855479903E+00, -1.157760741669964E+01
2002-Mar-12, 2.663317798831570E+09, -8.435859637206088E+09, -4.570530519675601E+09, 4.332253576702225E+00, -9.719510363659928E+00, -1.157601015475720E+01
2002-Apr-11, 2.674545959902751E+09, -8.461049588004345E+09, -4.600533477161121E+09, 4.331459066770565E+00, -9.717189716572076E+00, -1.157442194125000E+01
2002-May-11, 2.685772172918302E+09, -8.486233583840768E+09, -4.630532337557692E+09, 4.330760864367518E+00, -9.714898364441218E+00, -1.157284892995321E+01
2002-Jun-10, 2.696996670084767E+09, -8.511411572095222E+09, -4.660527132889015E+09, 4.330120655663855E+00, -9.712552898245679E+00, -1.157128451188767E+01
2002-Jul-10, 2.708219514407730E+09, -8.536583419323269E+09, -4.690517882130239E+09, 4.329476596309560E+00, -9.710166704208991E+00, -1.156972694443826E+01
2002-Aug-09, 2.719440679713335E+09, -8.561749073617973E+09, -4.720504606474522E+09, 4.328827109582254E+00, -9.707769385435199E+00, -1.156817833702009E+01
2002-Sep-08, 2.730660104395666E+09, -8.586908496609661E+09, -4.750487320314924E+09, 4.328126932013982E+00, -9.705373107522508E+00, -1.156663227583035E+01
2002-Oct-08, 2.741877653235116E+09, -8.612061795666424E+09, -4.780466032523767E+09, 4.327387194670827E+00, -9.703057284192610E+00, -1.156509166384041E+01
2002-Nov-07, 2.753093340084896E+09, -8.637209236726749E+09, -4.810440767439167E+09, 4.326705267887271E+00, -9.700839434936970E+00, -1.156356324091955E+01
2002-Dec-07, 2.764307355052516E+09, -8.662350985581036E+09, -4.840411551500198E+09, 4.326098253962066E+00, -9.698663780640585E+00, -1.156204335377881E+01
2003-Jan-06, 2.775519907263241E+09, -8.687487123742123E+09, -4.870378409011805E+09, 4.325577800456242E+00, -9.696507319718567E+00, -1.156053410215230E+01
2003-Feb-05, 2.786731254861029E+09, -8.712617642656088E+09, -4.900341372052254E+09, 4.325163729376984E+00, -9.694307071558775E+00, -1.155903700094996E+01
2003-Mar-07, 2.797941562815735E+09, -8.737742336382765E+09, -4.930300459802567E+09, 4.324761392581872E+00, -9.692019668880345E+00, -1.155754358464075E+01
2003-Apr-06, 2.809150777480174E+09, -8.762861045223131E+09, -4.960255681190031E+09, 4.324317562409528E+00, -9.689703935985591E+00, -1.155605453510329E+01
2003-May-06, 2.820358825785424E+09, -8.787973762424330E+09, -4.990207054085542E+09, 4.323862253468540E+00, -9.687390198257765E+00, -1.155457317220386E+01
2003-Jun-05, 2.831565648433137E+09, -8.813080498528355E+09, -5.020154592435075E+09, 4.323374319567982E+00, -9.685099476347020E+00, -1.155309643074582E+01
2003-Jul-05, 2.842771198675567E+09, -8.838181375690605E+09, -5.050098314054642E+09, 4.322891939852660E+00, -9.682876011138619E+00, -1.155162963088432E+01
2003-Aug-04, 2.853975599587649E+09, -8.863276541269302E+09, -5.080038252586527E+09, 4.322487696349757E+00, -9.680672485480130E+00, -1.155017605179106E+01
2003-Sep-03, 2.865179003250493E+09, -8.888365958654842E+09, -5.109974433206465E+09, 4.322116749945851E+00, -9.678440762435967E+00, -1.154872991356776E+01
2003-Oct-03, 2.876381450847308E+09, -8.913449565739700E+09, -5.139906874705752E+09, 4.321749968304408E+00, -9.676196483971946E+00, -1.154729165806214E+01
2003-Nov-02, 2.887582970536165E+09, -8.938527330276272E+09, -5.169835599004347E+09, 4.321391583708738E+00, -9.673924908558373E+00, -1.154585990763899E+01
2003-Dec-02, 2.898783506457324E+09, -8.963599199629475E+09, -5.199760613980576E+09, 4.320990784777030E+00, -9.671659553549924E+00, -1.154442990784398E+01
2004-Jan-01, 2.909982970303423E+09, -8.988665277333620E+09, -5.229681928945543E+09, 4.320578866466059E+00, -9.669466013686602E+00, -1.154300665102871E+01
2004-Jan-31, 2.921181449560500E+09, -9.013725737445580E+09, -5.259599568519362E+09, 4.320231025186339E+00, -9.667311126804252E+00, -1.154159279633085E+01
2004-Mar-01, 2.932379098337445E+09, -9.038780628891508E+09, -5.289513553012884E+09, 4.319940558805011E+00, -9.665166325637831E+00, -1.154018688399977E+01
2004-Mar-31, 2.943576077159536E+09, -9.063829955112633E+09, -5.319423907324138E+09, 4.319720672896111E+00, -9.663013365487158E+00, -1.153879288802692E+01
2004-Apr-30, 2.954772585291775E+09, -9.088873601809246E+09, -5.349330662686465E+09, 4.319559006690414E+00, -9.660770473743963E+00, -1.153740781607643E+01
2004-May-30, 2.965968636624096E+09, -9.113911318480944E+09, -5.379233832222004E+09, 4.319357908793509E+00, -9.658446088316580E+00, -1.153602590127622E+01
2004-Jun-29, 2.977164073333789E+09, -9.138942983466427E+09, -5.409133425627994E+09, 4.319092102748317E+00, -9.656113358924667E+00, -1.153464967827679E+01
2004-Jul-29, 2.988358769805734E+09, -9.163968602969166E+09, -5.439029459257313E+09, 4.318779259263943E+00, -9.653782803006616E+00, -1.153327784566682E+01
2004-Aug-28, 2.999552582390888E+09, -9.188988244276049E+09, -5.468921941798746E+09, 4.318417197394656E+00, -9.651509212546411E+00, -1.153191035302775E+01
2004-Sep-27, 3.010745459962154E+09, -9.214002116215477E+09, -5.498810892415412E+09, 4.318078738060178E+00, -9.649330000946776E+00, -1.153055418708369E+01
2004-Oct-27, 3.021937569581807E+09, -9.239010375066534E+09, -5.528696342484131E+09, 4.317817504132843E+00, -9.647165094815026E+00, -1.152920787128500E+01
2004-Nov-26, 3.033129068830909E+09, -9.264013003683132E+09, -5.558578312290911E+09, 4.317603915164626E+00, -9.644981814292313E+00, -1.152786868780655E+01
2004-Dec-26, 3.044320059319342E+09, -9.289009947493427E+09, -5.588456821920666E+09, 4.317430278785165E+00, -9.642774661520903E+00, -1.152653855961397E+01
2005-Jan-25, 3.055510625813052E+09, -9.314001077121868E+09, -5.618331889898287E+09, 4.317258750871297E+00, -9.640495931385693E+00, -1.152521151117655E+01
2005-Feb-24, 3.066700682826628E+09, -9.338986259702690E+09, -5.648203519634155E+09, 4.317034512328738E+00, -9.638196245493194E+00, -1.152388595077793E+01
2005-Mar-26, 3.077890115098863E+09, -9.363965530193644E+09, -5.678071722048710E+09, 4.316792576044670E+00, -9.635935225915869E+00, -1.152256822160965E+01
2005-Apr-25, 3.089078937820411E+09, -9.388938947036919E+09, -5.707936517719464E+09, 4.316558229200580E+00, -9.633679264242556E+00, -1.152125662708701E+01
2005-May-25, 3.100267163107437E+09, -9.413906536506258E+09, -5.737797923108686E+09, 4.316334191234515E+00, -9.631438665482296E+00, -1.151995276194610E+01
2005-Jun-24, 3.111454859563467E+09, -9.438868336757671E+09, -5.767655964875853E+09, 4.316160166671077E+00, -9.629199743587970E+00, -1.151866165954329E+01
2005-Jul-24, 3.122642141894656E+09, -9.463824237480915E+09, -5.797510669325417E+09, 4.315996576136693E+00, -9.626885668058287E+00, -1.151737631936127E+01
2005-Aug-23, 3.133828935504103E+09, -9.488774072684910E+09, -5.827362046162491E+09, 4.315775143761649E+00, -9.624528991147919E+00, -1.151609397460695E+01
2005-Sep-22, 3.145015082395731E+09, -9.513717818411186E+09, -5.857210107111502E+09, 4.315506845285323E+00, -9.622186942995576E+00, -1.151481799459158E+01
2005-Oct-22, 3.156200469305807E+09, -9.538655503536047E+09, -5.887054863256990E+09, 4.315183763809179E+00, -9.619863268105346E+00, -1.151354360618919E+01
2005-Nov-21, 3.167384967471096E+09, -9.563587255151180E+09, -5.916896320788048E+09, 4.314829424803031E+00, -9.617616360444497E+00, -1.151227362808700E+01
2005-Dec-21, 3.178568608106168E+09, -9.588513305060934E+09, -5.946734501290945E+09, 4.314539671319947E+00, -9.615448038828220E+00, -1.151101539041937E+01
2006-Jan-20, 3.189751600246071E+09, -9.613433727407557E+09, -5.976569430348810E+09, 4.314322650642596E+00, -9.613268640988643E+00, -1.150976441346467E+01
2006-Feb-19, 3.200934095663857E+09, -9.638348451957022E+09, -6.006401126014946E+09, 4.314150192085828E+00, -9.611049272749742E+00, -1.150852063659545E+01
2006-Mar-21, 3.212116195885225E+09, -9.663257354016973E+09, -6.036229610459854E+09, 4.314014513312887E+00, -9.608762087723576E+00, -1.150728578989294E+01
2006-Apr-20, 3.223297896169393E+09, -9.688160195452982E+09, -6.066054895683596E+09, 4.313826459850941E+00, -9.606384381961913E+00, -1.150605164877342E+01
2006-May-20, 3.234478987659794E+09, -9.713056838319139E+09, -6.095876983299194E+09, 4.313543843773202E+00, -9.603995486866674E+00, -1.150481926393483E+01
2006-Jun-19, 3.245659283564121E+09, -9.737947345082769E+09, -6.125695886426003E+09, 4.313221987099590E+00, -9.601643359358929E+00, -1.150359421585715E+01
2006-Jul-19, 3.256838694587533E+09, -9.762831788504526E+09, -6.155511619059295E+09, 4.312863171549536E+00, -9.599324699437215E+00, -1.150237333134675E+01
2006-Aug-18, 3.268017161999754E+09, -9.787710292574020E+09, -6.185324196493025E+09, 4.312501676762609E+00, -9.597063809326006E+00, -1.150116067466496E+01
2006-Sep-17, 3.279194769296753E+09, -9.812582978368690E+09, -6.215133647368935E+09, 4.312201626508731E+00, -9.594814223183528E+00, -1.149995971771269E+01
2006-Oct-17, 3.290371616109271E+09, -9.837449770321053E+09, -6.244939991017612E+09, 4.311905261921755E+00, -9.592518632884294E+00, -1.149876277326671E+01
2006-Nov-16, 3.301547650150483E+09, -9.862310578007549E+09, -6.274743236152000E+09, 4.311572088412633E+00, -9.590207011667081E+00, -1.149756945514145E+01
2006-Dec-16, 3.312722802512291E+09, -9.887165394376915E+09, -6.304543396024015E+09, 4.311222722041195E+00, -9.587887284099510E+00, -1.149638088804981E+01
2007-Jan-15, 3.323896980089513E+09, -9.912014196215399E+09, -6.334340474775159E+09, 4.310820231589361E+00, -9.585577133695171E+00, -1.149519254047601E+01
2007-Feb-14, 3.335070068963703E+09, -9.936857079615047E+09, -6.364134478181234E+09, 4.310393955321838E+00, -9.583329301739623E+00, -1.149400951281643E+01
2007-Mar-16, 3.346242119220306E+09, -9.961694193632416E+09, -6.393925429016530E+09, 4.310020732408110E+00, -9.581107244643267E+00, -1.149283611303093E+01
2007-Apr-15, 3.357413239230206E+09, -9.986525522811831E+09, -6.423713346008933E+09, 4.309673955258817E+00, -9.578863587221289E+00, -1.149166886422793E+01
2007-May-15, 3.368583472554912E+09, -1.001135099592238E+10, -6.453498247010656E+09, 4.309336900598752E+00, -9.576590415065882E+00, -1.149050982895421E+01
2007-Jun-14, 3.379752847361454E+09, -1.003617049341152E+10, -6.483280154582350E+09, 4.308996580568596E+00, -9.574241310379772E+00, -1.148935708556532E+01
2007-Jul-14, 3.390921228358022E+09, -1.006098381998651E+10, -6.513059074060019E+09, 4.308562653696328E+00, -9.571841725313009E+00, -1.148820423495019E+01
2007-Aug-13, 3.402088341098224E+09, -1.008579095508016E+10, -6.542835007438248E+09, 4.308027525395404E+00, -9.569479907054937E+00, -1.148705443451067E+01
2007-Sep-12, 3.413254009340252E+09, -1.011059203964335E+10, -6.572607967963085E+09, 4.307447270130067E+00, -9.567168648344261E+00, -1.148590914715211E+01
2007-Oct-12, 3.424418117779623E+09, -1.013538722546877E+10, -6.602377963777287E+09, 4.306832480096799E+00, -9.564933360164886E+00, -1.148476757862360E+01
2007-Nov-11, 3.435580649472967E+09, -1.016017673578069E+10, -6.632145011179730E+09, 4.306247967158654E+00, -9.562787586080603E+00, -1.148363568366517E+01
2007-Dec-11, 3.446741779474962E+09, -1.018496070325251E+10, -6.661909138186658E+09, 4.305741399665585E+00, -9.560637716790145E+00, -1.148251236458240E+01
2008-Jan-10, 3.457901628745995E+09, -1.020973904331587E+10, -6.691670358524785E+09, 4.305251910750187E+00, -9.558443728930138E+00, -1.148139267568943E+01
2008-Feb-09, 3.469060186315492E+09, -1.023451165557793E+10, -6.721428681986558E+09, 4.304747714610540E+00, -9.556221969888792E+00, -1.148027801336048E+01
2008-Mar-10, 3.480217408405930E+09, -1.025927844403231E+10, -6.751184120283751E+09, 4.304205944596019E+00, -9.553949272616006E+00, -1.147916484249517E+01
2008-Apr-09, 3.491373116215342E+09, -1.028403933351168E+10, -6.780936672582433E+09, 4.303579407720299E+00, -9.551681515107507E+00, -1.147805170177436E+01
2008-May-09, 3.502527121644754E+09, -1.030879442843899E+10, -6.810686346292468E+09, 4.302910165106163E+00, -9.549482512895882E+00, -1.147694535665739E+01
2008-Jun-08, 3.513679405191751E+09, -1.033354386529759E+10, -6.840433162053879E+09, 4.302245177206620E+00, -9.547309115389105E+00, -1.147584541290112E+01
2008-Jul-08, 3.524829958417767E+09, -1.035828769525699E+10, -6.870177134242991E+09, 4.301575688764667E+00, -9.545154388767308E+00, -1.147475149764961E+01
2008-Aug-07, 3.535978782088558E+09, -1.038302596398613E+10, -6.899918282521915E+09, 4.300918873343375E+00, -9.543011522677636E+00, -1.147366711977536E+01
2008-Sep-06, 3.547125900492877E+09, -1.040775861524260E+10, -6.929656626324287E+09, 4.300241080507208E+00, -9.540818683415461E+00, -1.147258579925825E+01
2008-Oct-06, 3.558271157599211E+09, -1.043248556363624E+10, -6.959392167097158E+09, 4.299477767091506E+00, -9.538622174290577E+00, -1.147150430170617E+01
2008-Nov-05, 3.569414339383658E+09, -1.045720690037267E+10, -6.989124909004438E+09, 4.298654640641749E+00, -9.536492239467080E+00, -1.147042711609557E+01
2008-Dec-05, 3.580555348914503E+09, -1.048192278132047E+10, -7.018854861675913E+09, 4.297797607649422E+00, -9.534416402451011E+00, -1.146935145902875E+01
2009-Jan-04, 3.591694113998968E+09, -1.050663338770753E+10, -7.048582030221075E+09, 4.296930290547103E+00, -9.532424593493001E+00, -1.146827960216229E+01
2009-Feb-03, 3.602830694972252E+09, -1.053133894325296E+10, -7.078306433495836E+09, 4.296128596396366E+00, -9.530504125787502E+00, -1.146721850546615E+01
2009-Mar-05, 3.613965290395929E+09, -1.055603948862516E+10, -7.108028095165810E+09, 4.295384203577149E+00, -9.528551253856145E+00, -1.146616313575063E+01
2009-Apr-04, 3.625097962710620E+09, -1.058073490885061E+10, -7.137747026298719E+09, 4.294634336007412E+00, -9.526550759456665E+00, -1.146511147575505E+01
2009-May-04, 3.636228656327049E+09, -1.060542510939450E+10, -7.167463239286654E+09, 4.293858610844559E+00, -9.524518778956562E+00, -1.146406564738537E+01
2009-Jun-03, 3.647357244132825E+09, -1.063010998117826E+10, -7.197176740969934E+09, 4.292995997821896E+00, -9.522451832621719E+00, -1.146301878407311E+01
2009-Jul-03, 3.658483452759542E+09, -1.065478954196946E+10, -7.226887528759205E+09, 4.292025291063419E+00, -9.520435660903710E+00, -1.146197231736341E+01
2009-Aug-02, 3.669607082572845E+09, -1.067946401793653E+10, -7.256595613294212E+09, 4.291022867353519E+00, -9.518521801072598E+00, -1.146093331810152E+01
2009-Sep-01, 3.680728103780345E+09, -1.070413361856097E+10, -7.286301010295194E+09, 4.290012500299607E+00, -9.516676615958634E+00, -1.145989860947279E+01
2009-Oct-01, 3.691846519905500E+09, -1.072879852876137E+10, -7.316003733169630E+09, 4.289016502283755E+00, -9.514902267660528E+00, -1.145887049757121E+01
2009-Oct-31, 3.702962428767005E+09, -1.075345890465557E+10, -7.345703804882542E+09, 4.288081655930147E+00, -9.513158764112230E+00, -1.145785216923477E+01
2009-Nov-30, 3.714075929796969E+09, -1.077811471775375E+10, -7.375401239464373E+09, 4.287145529942573E+00, -9.511386030686683E+00, -1.145683505226810E+01
2009-Dec-30, 3.725186948050541E+09, -1.080276593720222E+10, -7.405096037861698E+09, 4.286162464173160E+00, -9.509625583639167E+00, -1.145581853169935E+01
2010-Jan-29, 3.736295394252620E+09, -1.082741265428111E+10, -7.434788207630548E+09, 4.285165418932277E+00, -9.507903998362945E+00, -1.145480619924496E+01
2010-Feb-28, 3.747401210147017E+09, -1.085205494704614E+10, -7.464477753058043E+09, 4.284132137317807E+00, -9.506221460586834E+00, -1.145379401165953E+01
2010-Mar-30, 3.758504322770686E+09, -1.087669297430209E+10, -7.494164679567419E+09, 4.283087699783105E+00, -9.504619405246213E+00, -1.145278672367372E+01
2010-Apr-29, 3.769604803994413E+09, -1.090132693599201E+10, -7.523849009414330E+09, 4.282106380947257E+00, -9.503064463731219E+00, -1.145178959714056E+01
2010-May-29, 3.780702780939810E+09, -1.092595684948714E+10, -7.553530760808819E+09, 4.281148489612399E+00, -9.501495345028706E+00, -1.145079711803528E+01
2010-Jun-28, 3.791798261936698E+09, -1.095058267818503E+10, -7.583209945453495E+09, 4.280176475654350E+00, -9.499918737952170E+00, -1.144980961415961E+01
2010-Jul-28, 3.802891211328563E+09, -1.097520440959103E+10, -7.612886578690227E+09, 4.279186839649467E+00, -9.498324795777830E+00, -1.144882679608802E+01
2010-Aug-27, 3.813981488416218E+09, -1.099982200633493E+10, -7.642560661998116E+09, 4.278110316210437E+00, -9.496743454616237E+00, -1.144784226806434E+01
2010-Sep-26, 3.825068865069086E+09, -1.102443561391932E+10, -7.672232194153347E+09, 4.276959739071755E+00, -9.495262531667830E+00, -1.144685977101109E+01
2010-Oct-26, 3.836153268506426E+09, -1.104904553488999E+10, -7.701901188694281E+09, 4.275822007729539E+00, -9.493887852469506E+00, -1.144588325305994E+01
2010-Nov-25, 3.847234750178687E+09, -1.107365201090556E+10, -7.731567656502733E+09, 4.274712394784799E+00, -9.492605100504619E+00, -1.144491076274231E+01
2010-Dec-25, 3.858313434556797E+09, -1.109825526978822E+10, -7.761231612921014E+09, 4.273674039004677E+00, -9.491402742073255E+00, -1.144394671257215E+01
2011-Jan-24, 3.869389572946127E+09, -1.112285542385450E+10, -7.790893083173649E+09, 4.272736691237544E+00, -9.490188282584779E+00, -1.144299047460104E+01
2011-Feb-23, 3.880463312485778E+09, -1.114745236558569E+10, -7.820552076610592E+09, 4.271812315572793E+00, -9.488927156960891E+00, -1.144203540475271E+01
2011-Mar-25, 3.891534614807927E+09, -1.117204602129562E+10, -7.850208596460573E+09, 4.270858000130199E+00, -9.487663945288190E+00, -1.144108294622759E+01
2011-Apr-24, 3.902603422804139E+09, -1.119663640710019E+10, -7.879862652043361E+09, 4.269878294046671E+00, -9.486401511126877E+00, -1.144013248777452E+01
2011-May-24, 3.913669615721079E+09, -1.122122357228131E+10, -7.909514243757215E+09, 4.268843779236393E+00, -9.485189683061980E+00, -1.143918251170161E+01
2011-Jun-23, 3.924733099296846E+09, -1.124580772630377E+10, -7.939163380086067E+09, 4.267805659705174E+00, -9.484083291191498E+00, -1.143823968115793E+01
2011-Jul-23, 3.935793975476455E+09, -1.127038909360657E+10, -7.968810084572661E+09, 4.266827163502763E+00, -9.483025863636577E+00, -1.143730467120519E+01
2011-Aug-22, 3.946852362794726E+09, -1.129496775257842E+10, -7.998454372084835E+09, 4.265883413870509E+00, -9.481991233648394E+00, -1.143637478399781E+01
2011-Sep-21, 3.957908336529083E+09, -1.131954376215989E+10, -8.028096257597340E+09, 4.264970788861577E+00, -9.480981324162904E+00, -1.143545207918311E+01
2011-Oct-21, 3.968961981715251E+09, -1.134411713257419E+10, -8.057735756795800E+09, 4.264070376052382E+00, -9.479951779805489E+00, -1.143453157701924E+01
2011-Nov-20, 3.980013241054735E+09, -1.136868785603788E+10, -8.087372868355592E+09, 4.263128524331953E+00, -9.478949670281725E+00, -1.143360998622742E+01
2011-Dec-20, 3.991062030721262E+09, -1.139325609678369E+10, -8.117007594812321E+09, 4.262182286812724E+00, -9.478041186425541E+00, -1.143269268714078E+01
2012-Jan-19, 4.002108430731039E+09, -1.141782206580949E+10, -8.146639949473222E+09, 4.261280729502275E+00, -9.477192441860211E+00, -1.143177895837273E+01
2012-Feb-18, 4.013152558883005E+09, -1.144238591447252E+10, -8.176269941104420E+09, 4.260434157698642E+00, -9.476403147914755E+00, -1.143086996011636E+01
2012-Mar-19, 4.024194606256307E+09, -1.146694778235234E+10, -8.205897588990354E+09, 4.259687604185234E+00, -9.475652525709352E+00, -1.142997147907011E+01
2012-Apr-18, 4.035234844224101E+09, -1.149150763659965E+10, -8.235522916996557E+09, 4.259018980605464E+00, -9.474841138098775E+00, -1.142907831655653E+01
2012-May-18, 4.046273356749635E+09, -1.151606530843543E+10, -8.265145932480103E+09, 4.258345337409727E+00, -9.473973872195703E+00, -1.142818691386796E+01
2012-Jun-17, 4.057310084572718E+09, -1.154062072200790E+10, -8.294766642516085E+09, 4.257648174247542E+00, -9.473101382915992E+00, -1.142729995198380E+01
2012-Jul-17, 4.068344958771801E+09, -1.156517385946874E+10, -8.324385054197701E+09, 4.256904443188950E+00, -9.472227431476037E+00, -1.142641263874221E+01
2012-Aug-16, 4.079377834732119E+09, -1.158972481170571E+10, -8.354001166562794E+09, 4.256112023140011E+00, -9.471426424696524E+00, -1.142552650333256E+01
2012-Sep-15, 4.090408677669303E+09, -1.161427384329237E+10, -8.383614992264194E+09, 4.255356576072185E+00, -9.470738314982544E+00, -1.142464915463633E+01
2012-Oct-15, 4.101437661552496E+09, -1.163882115611409E+10, -8.413226551922272E+09, 4.254673658975122E+00, -9.470096220594948E+00, -1.142377742787705E+01
2012-Nov-14, 4.112464968657898E+09, -1.166336684271359E+10, -8.442835859374711E+09, 4.254061794983626E+00, -9.469480088561076E+00, -1.142291147647173E+01
2012-Dec-14, 4.123490802143102E+09, -1.168791094651720E+10, -8.472442933555551E+09, 4.253540736431138E+00, -9.468860181907100E+00, -1.142205391165452E+01
2013-Jan-13, 4.134515342096774E+09, -1.171245335848972E+10, -8.502047786260002E+09, 4.253047334338835E+00, -9.468179693787224E+00, -1.142119646937173E+01
2013-Feb-12, 4.145538578466334E+09, -1.173699397880615E+10, -8.531650415457253E+09, 4.252531112561224E+00, -9.467489132403632E+00, -1.142033866757381E+01
2013-Mar-14, 4.156560484055052E+09, -1.176153285895897E+10, -8.561250827745470E+09, 4.252030722099247E+00, -9.466831028610683E+00, -1.141948604315912E+01
2013-Apr-13, 4.167581109499097E+09, -1.178607004504482E+10, -8.590849032156481E+09, 4.251540788219812E+00, -9.466189051662413E+00, -1.141863521974958E+01
2013-May-13, 4.178600495910303E+09, -1.181060561897807E+10, -8.620445037288708E+09, 4.251079957190077E+00, -9.465590553348108E+00, -1.141778998592308E+01
2013-Jun-12, 4.189618798543777E+09, -1.183513968431778E+10, -8.650038866330944E+09, 4.250711063108862E+00, -9.465005427461533E+00, -1.141695562624031E+01
2013-Jul-12, 4.200636214752303E+09, -1.185967215732431E+10, -8.679630538142559E+09, 4.250383925396295E+00, -9.464363055316433E+00, -1.141612495665547E+01
2013-Aug-11, 4.211652776616123E+09, -1.188420290872275E+10, -8.709220059974152E+09, 4.250045331966937E+00, -9.463686121867173E+00, -1.141529694239573E+01
2013-Sep-10, 4.222668457744687E+09, -1.190873189801271E+10, -8.738807442392124E+09, 4.249703975100365E+00, -9.462996819526367E+00, -1.141447316306798E+01
2013-Oct-10, 4.233683198305408E+09, -1.193325909350927E+10, -8.768392687164970E+09, 4.249317262470085E+00, -9.462316431677388E+00, -1.141364774053221E+01
2013-Nov-09, 4.244696898178647E+09, -1.195778461561096E+10, -8.797975793782776E+09, 4.248911547936203E+00, -9.461717754982194E+00, -1.141282465573767E+01
2013-Dec-09, 4.255709637099281E+09, -1.198230870284830E+10, -8.827556778249184E+09, 4.248586005748597E+00, -9.461192352255058E+00, -1.141200963880931E+01
2014-Jan-08, 4.266721639462680E+09, -1.200683145375887E+10, -8.857135655689844E+09, 4.248344625522832E+00, -9.460683764368277E+00, -1.141119921003128E+01
2014-Feb-07, 4.277733128983766E+09, -1.203135287695073E+10, -8.886712440517403E+09, 4.248191413570136E+00, -9.460165588290829E+00, -1.141039577360476E+01
2014-Mar-09, 4.288744354755209E+09, -1.205587287950482E+10, -8.916287154140116E+09, 4.248129836120141E+00, -9.459568668853976E+00, -1.140959926484304E+01
2014-Apr-08, 4.299755422109509E+09, -1.208039119814075E+10, -8.945859802397846E+09, 4.248056992364098E+00, -9.458875355048107E+00, -1.140880199727899E+01
2014-May-08, 4.310766230287103E+09, -1.210490766631643E+10, -8.975430383921696E+09, 4.247931600932941E+00, -9.458156893610788E+00, -1.140800571879073E+01
2014-Jun-07, 4.321776692775954E+09, -1.212942227617173E+10, -9.004998907182022E+09, 4.247788425136833E+00, -9.457436360609314E+00, -1.140721266299287E+01
2014-Jul-07, 4.332786737562766E+09, -1.215393504419631E+10, -9.034565375482872E+09, 4.247614514718202E+00, -9.456744874024483E+00, -1.140642084316191E+01
2014-Aug-06, 4.343796337583184E+09, -1.217844610111112E+10, -9.064129798499191E+09, 4.247460096466177E+00, -9.456120456193087E+00, -1.140563612812749E+01
2014-Sep-05, 4.354805652054548E+09, -1.220295556715258E+10, -9.093692200562674E+09, 4.247389875237424E+00, -9.455498564238750E+00, -1.140485984276406E+01
2014-Oct-05, 4.365814839282559E+09, -1.222746337495080E+10, -9.123252594868156E+09, 4.247356725925495E+00, -9.454840336842590E+00, -1.140408681753385E+01
2014-Nov-04, 4.376823955002087E+09, -1.225196944337393E+10, -9.152810989815319E+09, 4.247337788684811E+00, -9.454162155048799E+00, -1.140331799133112E+01
2014-Dec-04, 4.387833052777069E+09, -1.227647370367054E+10, -9.182367396231894E+09, 4.247330767871992E+00, -9.453439784914970E+00, -1.140255062167833E+01
2015-Jan-03, 4.398842087687148E+09, -1.230097607272616E+10, -9.211921810708662E+09, 4.247289912328754E+00, -9.452713030449296E+00, -1.140178144375924E+01
2015-Feb-02, 4.409850999739598E+09, -1.232547661947966E+10, -9.241474234462143E+09, 4.247252400636161E+00, -9.452040092841340E+00, -1.140101631620335E+01
2015-Mar-04, 4.420859900402211E+09, -1.234997544729277E+10, -9.271024683198242E+09, 4.247277028390562E+00, -9.451375624662852E+00, -1.140025634144438E+01
2015-Apr-03, 4.431868929263905E+09, -1.237447254205830E+10, -9.300573167415298E+09, 4.247352592577359E+00, -9.450699839223203E+00, -1.139950091127249E+01
2015-May-03, 4.442878226640221E+09, -1.239896785816537E+10, -9.330119703406672E+09, 4.247491726139331E+00, -9.449997763202109E+00, -1.139875409003985E+01
2015-Jun-02, 4.453887957804768E+09, -1.242346123079171E+10, -9.359664311146843E+09, 4.247667005990431E+00, -9.449192408498408E+00, -1.139801106317856E+01
2015-Jul-02, 4.464898087056325E+09, -1.244795240498431E+10, -9.389206992094967E+09, 4.247790008786859E+00, -9.448311019500659E+00, -1.139726725062601E+01
2015-Aug-01, 4.475908444207664E+09, -1.247244128260691E+10, -9.418747746985676E+09, 4.247853482538364E+00, -9.447429356337038E+00, -1.139652601454091E+01
2015-Aug-31, 4.486918919184410E+09, -1.249692787559885E+10, -9.448286582216381E+09, 4.247874068139688E+00, -9.446552713203264E+00, -1.139578498323984E+01
2015-Sep-30, 4.497929396661136E+09, -1.252141226359615E+10, -9.477823497562149E+09, 4.247863458337958E+00, -9.445734933416288E+00, -1.139504533535544E+01
2015-Oct-30, 4.508939886469518E+09, -1.254589464572196E+10, -9.507358505291418E+09, 4.247904839635600E+00, -9.444997730305559E+00, -1.139431431808558E+01
2015-Nov-29, 4.519950608562433E+09, -1.257037511515419E+10, -9.536891626881775E+09, 4.248033833062825E+00, -9.444248512234005E+00, -1.139358876033135E+01
2015-Dec-29, 4.530961741463563E+09, -1.259485359045233E+10, -9.566422872337093E+09, 4.248215949819898E+00, -9.443455341723151E+00, -1.139286654178877E+01
2016-Jan-28, 4.541973397295525E+09, -1.261932995157493E+10, -9.595952252550436E+09, 4.248440914750463E+00, -9.442609982244630E+00, -1.139214974954773E+01
2016-Feb-27, 4.552985641967911E+09, -1.264380399524791E+10, -9.625479774485310E+09, 4.248652471449000E+00, -9.441672620706722E+00, -1.139143152694452E+01
2016-Mar-28, 4.563998357353884E+09, -1.266827555590118E+10, -9.655005432009785E+09, 4.248801918124584E+00, -9.440706105940565E+00, -1.139071163810468E+01
2016-Apr-27, 4.575011419474658E+09, -1.269274465090124E+10, -9.684529229106148E+09, 4.248935374469487E+00, -9.439767480717668E+00, -1.138999683905086E+01
2016-May-27, 4.586024833480140E+09, -1.271721130601663E+10, -9.714051177048710E+09, 4.249069320269195E+00, -9.438826278013334E+00, -1.138928453559125E+01
2016-Jun-26, 4.597038604668100E+09, -1.274167553361813E+10, -9.743571284148491E+09, 4.249213701837093E+00, -9.437894859615763E+00, -1.138857697095586E+01
2016-Jul-26, 4.608052811379070E+09, -1.276613735137949E+10, -9.773089569454813E+09, 4.249412733003635E+00, -9.436950838493226E+00, -1.138787867216527E+01
2016-Aug-25, 4.619067556773263E+09, -1.279059661470290E+10, -9.802606047693863E+09, 4.249613401590989E+00, -9.435926666270614E+00, -1.138718166654369E+01
2016-Sep-24, 4.630082757407775E+09, -1.281505315830292E+10, -9.832120718495106E+09, 4.249757905349107E+00, -9.434863437143683E+00, -1.138648416258105E+01
2016-Oct-24, 4.641098282021754E+09, -1.283950696193047E+10, -9.861633585481524E+09, 4.249871191304999E+00, -9.433808618888955E+00, -1.138578959406432E+01
2016-Nov-23, 4.652114047059395E+09, -1.286395803384330E+10, -9.891144649619188E+09, 4.249941691075174E+00, -9.432766771814688E+00, -1.138509314821713E+01
2016-Dec-23, 4.663129968703717E+09, -1.288840647792398E+10, -9.920653909723593E+09, 4.250001122904097E+00, -9.431787860966164E+00, -1.138439866557616E+01
2017-Jan-22, 4.674146134994002E+09, -1.291285246497461E+10, -9.950161381191153E+09, 4.250142560009406E+00, -9.430851058143418E+00, -1.138371279139400E+01
2017-Feb-21, 4.685162762902727E+09, -1.293729597365488E+10, -9.979667079742292E+09, 4.250350881475145E+00, -9.429871506670784E+00, -1.138303055889706E+01
2017-Mar-23, 4.696179979795128E+09, -1.296173686064931E+10, -1.000917101467603E+10, 4.250590646576993E+00, -9.428828833144648E+00, -1.138235232127510E+01
2017-Apr-22, 4.707197853180753E+09, -1.298617494588748E+10, -1.003867319955114E+10, 4.250850015159300E+00, -9.427696555627849E+00, -1.138167887254027E+01
2017-May-22, 4.718216319349236E+09, -1.301060996392801E+10, -1.006817363515396E+10, 4.251036844750036E+00, -9.426476012214019E+00, -1.138100246653165E+01
2017-Jun-21, 4.729235139407269E+09, -1.303504179464478E+10, -1.009767231514323E+10, 4.251126307196438E+00, -9.425254631786599E+00, -1.138032533073079E+01
2017-Jul-21, 4.740254141568728E+09, -1.305947051243931E+10, -1.012716924614017E+10, 4.251183880525467E+00, -9.424066190721872E+00, -1.137965222857040E+01
2017-Aug-20, 4.751273250414871E+09, -1.308389618687696E+10, -1.015666443345387E+10, 4.251213695490075E+00, -9.422912707776131E+00, -1.137898051734162E+01
2017-Sep-19, 4.762292442541686E+09, -1.310831893598370E+10, -1.018615788576994E+10, 4.251258336455989E+00, -9.421811238732809E+00, -1.137831472387089E+01
2017-Oct-19, 4.773311848208636E+09, -1.313273884086010E+10, -1.021564962431540E+10, 4.251375279958805E+00, -9.420696653659729E+00, -1.137765655236770E+01
2017-Nov-18, 4.784331577495170E+09, -1.315715577664687E+10, -1.024513965770591E+10, 4.251499721160668E+00, -9.419522419449063E+00, -1.137699878518882E+01
2017-Dec-18, 4.795351592845788E+09, -1.318156961871050E+10, -1.027462798611310E+10, 4.251596480922355E+00, -9.418319378239451E+00, -1.137634183007697E+01
2018-Jan-17, 4.806371850704442E+09, -1.320598030830347E+10, -1.030411461470077E+10, 4.251680154704299E+00, -9.417082416611409E+00, -1.137568568359104E+01
2018-Feb-16, 4.817392256175784E+09, -1.323038777050681E+10, -1.033359953861220E+10, 4.251711604345182E+00, -9.415839056707050E+00, -1.137502710459695E+01
2018-Mar-18, 4.828412700854744E+09, -1.325479205842770E+10, -1.036308275771485E+10, 4.251724085671825E+00, -9.414640506778909E+00, -1.137437200471875E+01
2018-Apr-17, 4.839433241006168E+09, -1.327919325719719E+10, -1.039256428833146E+10, 4.251782453876329E+00, -9.413439462236521E+00, -1.137372297281409E+01
2018-May-17, 4.850453955528158E+09, -1.330359129858138E+10, -1.042204414056933E+10, 4.251856474069407E+00, -9.412202103861066E+00, -1.137307718430724E+01
2018-Jun-16, 4.861474861334025E+09, -1.332798608125693E+10, -1.045152232487395E+10, 4.251932950391491E+00, -9.410926172707660E+00, -1.137243690663483E+01
2018-Jul-16, 4.872495964010102E+09, -1.335237745573967E+10, -1.048099885472818E+10, 4.251990932516507E+00, -9.409565139297092E+00, -1.137179851100351E+01
2018-Aug-15, 4.883517096781432E+09, -1.337676523003762E+10, -1.051047372566282E+10, 4.251950979673406E+00, -9.408161004833092E+00, -1.137115696739835E+01
2018-Sep-14, 4.894537995053464E+09, -1.340114940506745E+10, -1.053994693302419E+10, 4.251823805080978E+00, -9.406800559730243E+00, -1.137051639218546E+01
2018-Oct-14, 4.905558524161695E+09, -1.342553011229634E+10, -1.056941848296815E+10, 4.251663912842035E+00, -9.405482513790197E+00, -1.136987694111659E+01
2018-Nov-13, 4.916578609241494E+09, -1.344990748420468E+10, -1.059888837645874E+10, 4.251489919697589E+00, -9.404229235598164E+00, -1.136923895265091E+01
2018-Dec-13, 4.927598290120284E+09, -1.347428169855818E+10, -1.062835662441283E+10, 4.251369722577471E+00, -9.403039049560578E+00, -1.136860861194215E+01
2019-Jan-12, 4.938617777402522E+09, -1.349865279204139E+10, -1.065782324673971E+10, 4.251326756958812E+00, -9.401805726806447E+00, -1.136798285991551E+01
2019-Feb-11, 4.949637175712710E+09, -1.352302059528352E+10, -1.068728824801617E+10, 4.251291278837709E+00, -9.400499598332910E+00, -1.136735756183465E+01
2019-Mar-13, 4.960656445999216E+09, -1.354738494623229E+10, -1.071675163068287E+10, 4.251231589934036E+00, -9.399143893414315E+00, -1.136673466546610E+01
2019-Apr-12, 4.971675505683589E+09, -1.357174569263887E+10, -1.074621339768806E+10, 4.251113059115010E+00, -9.397722981950373E+00, -1.136610958758014E+01
2019-May-12, 4.982694134216421E+09, -1.359610274513050E+10, -1.077567354082472E+10, 4.250900200390796E+00, -9.396305477168179E+00, -1.136548226689902E+01
2019-Jun-11, 4.993712137739578E+09, -1.362045620536166E+10, -1.080513206273425E+10, 4.250649908426122E+00, -9.394951000878681E+00, -1.136485998516775E+01
2019-Jul-11, 5.004729500063501E+09, -1.364480617861827E+10, -1.083458897694080E+10, 4.250399981312516E+00, -9.393611405241609E+00, -1.136424093877346E+01
2019-Aug-10, 5.015746209779701E+09, -1.366915269454671E+10, -1.086404429079619E+10, 4.250146467439900E+00, -9.392281535770667E+00, -1.136362535301360E+01
2019-Sep-09, 5.026762276825859E+09, -1.369349577348506E+10, -1.089349801760938E+10, 4.249911443109069E+00, -9.390949138253289E+00, -1.136301657751076E+01
2019-Oct-09, 5.037777721735564E+09, -1.371783531743857E+10, -1.092295016713634E+10, 4.249648941535868E+00, -9.389556879673838E+00, -1.136240695058810E+01
2019-Nov-08, 5.048792386553233E+09, -1.374217122757697E+10, -1.095240073260307E+10, 4.249305777480910E+00, -9.388156656653527E+00, -1.136179445279329E+01
2019-Dec-08, 5.059806089100677E+09, -1.376650357539141E+10, -1.098184971249238E+10, 4.248920496796067E+00, -9.386806330026452E+00, -1.136118404026923E+01
2020-Jan-07, 5.070818760251757E+09, -1.379083245678499E+10, -1.101129710878022E+10, 4.248506932452818E+00, -9.385487409373637E+00, -1.136057230983551E+01
2020-Feb-06, 5.081830345160828E+09, -1.381515798980993E+10, -1.104074292081176E+10, 4.248088561632476E+00, -9.384224695507683E+00, -1.135996244103861E+01
2020-Mar-07, 5.092840915591985E+09, -1.383948031400363E+10, -1.107018716275291E+10, 4.247735789410256E+00, -9.382992754167105E+00, -1.135936097473735E+01
2020-Apr-06, 5.103850631471225E+09, -1.386379936826002E+10, -1.109962984955871E+10, 4.247415351427757E+00, -9.381698306825864E+00, -1.135876179345198E+01
2020-May-06, 5.114859489410053E+09, -1.388811498067607E+10, -1.112907098437962E+10, 4.247063783256887E+00, -9.380341769078107E+00, -1.135816347263018E+01
2020-Jun-05, 5.125867380395794E+09, -1.391242702910677E+10, -1.115851057273192E+10, 4.246668432056049E+00, -9.378942122466261E+00, -1.135756787956936E+01
2020-Jul-05, 5.136874120830737E+09, -1.393673538965311E+10, -1.118794861221099E+10, 4.246166793042579E+00, -9.377511530957129E+00, -1.135696816596339E+01
2020-Aug-04, 5.147879411327746E+09, -1.396104009701582E+10, -1.121738509401009E+10, 4.245555071974543E+00, -9.376138865342426E+00, -1.135636695164285E+01
2020-Sep-03, 5.158883069797523E+09, -1.398534137893856E+10, -1.124682002427001E+10, 4.244921425638275E+00, -9.374858128140545E+00, -1.135577082836471E+01
2020-Oct-03, 5.169885076996583E+09, -1.400963941429665E+10, -1.127625341125373E+10, 4.244283476306016E+00, -9.373636095210594E+00, -1.135517643909151E+01
2020-Nov-02, 5.180885452423040E+09, -1.403393435304407E+10, -1.130568526239268E+10, 4.243666846035386E+00, -9.372468255747435E+00, -1.135458648700881E+01
2020-Dec-02, 5.191884312178101E+09, -1.405822628825292E+10, -1.133511559430993E+10, 4.243112166384908E+00, -9.371297628651782E+00, -1.135400284857610E+01
2021-Jan-01, 5.202881730392516E+09, -1.408251511623302E+10, -1.136454441119276E+10, 4.242542961405073E+00, -9.370075998098271E+00, -1.135341713980044E+01
2021-Jan-31, 5.213877600586956E+09, -1.410680075507479E+10, -1.139397170674525E+10, 4.241916051124705E+00, -9.368849410557903E+00, -1.135282977205170E+01
2021-Mar-02, 5.224871809612990E+09, -1.413108324030583E+10, -1.142339748260577E+10, 4.241260961650853E+00, -9.367634641769966E+00, -1.135224355057712E+01
2021-Apr-01, 5.235864246468891E+09, -1.415536259856131E+10, -1.145282173544272E+10, 4.240549978087850E+00, -9.366446564900226E+00, -1.135165524725988E+01
2021-May-01, 5.246854795201454E+09, -1.417963895969440E+10, -1.148224446580667E+10, 4.239814862967300E+00, -9.365328985187762E+00, -1.135107033463933E+01
2021-May-31, 5.257843496893250E+09, -1.420391248174523E+10, -1.151166569075391E+10, 4.239124478427589E+00, -9.364236587025363E+00, -1.135049239760005E+01
2021-Jun-30, 5.268830415896057E+09, -1.422818314537534E+10, -1.154108542004311E+10, 4.238433663158573E+00, -9.363123300527540E+00, -1.134991626567440E+01
2021-Jul-30, 5.279815504045486E+09, -1.425245090538544E+10, -1.157050365833320E+10, 4.237711061664448E+00, -9.362003007836122E+00, -1.134934268289512E+01
2021-Aug-29, 5.290798686585791E+09, -1.427671574240062E+10, -1.159992041342749E+10, 4.236952118126231E+00, -9.360861124577060E+00, -1.134876995392278E+01
2021-Sep-28, 5.301779778942999E+09, -1.430097763004339E+10, -1.162933567813111E+10, 4.236097051615316E+00, -9.359741310838038E+00, -1.134819300508483E+01
2021-Oct-28, 5.312758548676630E+09, -1.432523673359359E+10, -1.165874944587606E+10, 4.235175118686513E+00, -9.358725871140454E+00, -1.134761655653065E+01
2021-Nov-27, 5.323734946874642E+09, -1.434949333428124E+10, -1.168816172481594E+10, 4.234269261379406E+00, -9.357799199989934E+00, -1.134704308957838E+01
2021-Dec-27, 5.334709026209265E+09, -1.437374762975377E+10, -1.171757251905767E+10, 4.233392269777357E+00, -9.356945194045426E+00, -1.134647154742232E+01
2022-Jan-26, 5.345680904652511E+09, -1.439799978672746E+10, -1.174698183867163E+10, 4.232581588748809E+00, -9.356143714309731E+00, -1.134590651749694E+01
2022-Feb-25, 5.356650794771738E+09, -1.442224982890748E+10, -1.177638970138833E+10, 4.231841307168996E+00, -9.355296745703283E+00, -1.134534534915222E+01
2022-Mar-27, 5.367618749442410E+09, -1.444649759476188E+10, -1.180579610750393E+10, 4.231077150527576E+00, -9.354392252646495E+00, -1.134478242153406E+01
2022-Apr-26, 5.378584640992765E+09, -1.447074300236190E+10, -1.183520105367998E+10, 4.230254528567482E+00, -9.353487457324094E+00, -1.134421999789259E+01
2022-May-26, 5.389548339589790E+09, -1.449498606859910E+10, -1.186460454212698E+10, 4.229374845381123E+00, -9.352587466810698E+00, -1.134365627507296E+01
2022-Jun-25, 5.400509657237150E+09, -1.451922687340266E+10, -1.189400656661682E+10, 4.228422585470384E+00, -9.351752671559867E+00, -1.134309110578795E+01
2022-Jul-25, 5.411468471166918E+09, -1.454346566108935E+10, -1.192340713148896E+10, 4.227463325906403E+00, -9.351031897128809E+00, -1.134253165636295E+01
2022-Aug-24, 5.422424866444308E+09, -1.456770265573054E+10, -1.195280625395270E+10, 4.226549821450962E+00, -9.350358628124283E+00, -1.134197681339125E+01
2022-Sep-23, 5.433378927516918E+09, -1.459193794247455E+10, -1.198220394160743E+10, 4.225659894229902E+00, -9.349711592822848E+00, -1.134142452186036E+01
2022-Oct-23, 5.444330706644266E+09, -1.461617159091443E+10, -1.201160020320283E+10, 4.224796025107159E+00, -9.349090795198180E+00, -1.134087702098255E+01
2022-Nov-22, 5.455280263577678E+09, -1.464040360445978E+10, -1.204099504589444E+10, 4.223928809991635E+00, -9.348451045420202E+00, -1.134032807934997E+01
2022-Dec-22, 5.466227511930209E+09, -1.466463398862196E+10, -1.207038846103721E+10, 4.223013750589567E+00, -9.347843754043186E+00, -1.133977581126812E+01
2023-Jan-21, 5.477172362793235E+09, -1.468886291362605E+10, -1.209978044671287E+10, 4.222096231535839E+00, -9.347325117917947E+00, -1.133922628035963E+01
2023-Feb-20, 5.488114879896512E+09, -1.471309055958977E+10, -1.212917100999006E+10, 4.221208171653654E+00, -9.346855737715197E+00, -1.133867767211800E+01
2023-Mar-22, 5.499055140047125E+09, -1.473731705913615E+10, -1.215856015429402E+10, 4.220358128127307E+00, -9.346439206604897E+00, -1.133813197798488E+01
2023-Apr-21, 5.509993289942450E+09, -1.476154253665241E+10, -1.218794789456851E+10, 4.219590210272559E+00, -9.346052606131970E+00, -1.133759479465751E+01
2023-May-21, 5.520929527312895E+09, -1.478576694042422E+10, -1.221733424656161E+10, 4.218863945530932E+00, -9.345608024776430E+00, -1.133705949863514E+01
2023-Jun-20, 5.531863851718184E+09, -1.480999013458673E+10, -1.224671921019919E+10, 4.218104416898776E+00, -9.345127294432368E+00, -1.133652342615491E+01
2023-Jul-20, 5.542796153144240E+09, -1.483421210353923E+10, -1.227610278709775E+10, 4.217309556805528E+00, -9.344662317547144E+00, -1.133598960256604E+01
2023-Aug-19, 5.553726327218925E+09, -1.485843288367531E+10, -1.230548497698516E+10, 4.216455979270481E+00, -9.344222603028257E+00, -1.133545281501109E+01
2023-Sep-18, 5.564654222118030E+09, -1.488265263759728E+10, -1.233486577405427E+10, 4.215558554699697E+00, -9.343881353723708E+00, -1.133491576510583E+01
2023-Oct-18, 5.575579836626388E+09, -1.490687167782996E+10, -1.236424518792388E+10, 4.214715133032961E+00, -9.343659254061304E+00, -1.133438589751891E+01
2023-Nov-17, 5.586503367403668E+09, -1.493109020753456E+10, -1.239362323279359E+10, 4.213948100496175E+00, -9.343484143130695E+00, -1.133385918492285E+01
2023-Dec-17, 5.597425007095860E+09, -1.495530831642858E+10, -1.242299991694801E+10, 4.213254102501431E+00, -9.343331647421357E+00, -1.133333620911473E+01
2024-Jan-16, 5.608344962046432E+09, -1.497952602907236E+10, -1.245237525404583E+10, 4.212647405454700E+00, -9.343161283519851E+00, -1.133281892220269E+01
2024-Feb-15, 5.619263372105523E+09, -1.500374321153682E+10, -1.248174924745331E+10, 4.212047476844766E+00, -9.342930616759777E+00, -1.133229892893294E+01
2024-Mar-16, 5.630180180083074E+09, -1.502795977901043E+10, -1.251112188954273E+10, 4.211409041334221E+00, -9.342700567793889E+00, -1.133177695801291E+01
2024-Apr-15, 5.641095332140810E+09, -1.505217580790944E+10, -1.254049318330351E+10, 4.210776830031067E+00, -9.342507597625071E+00, -1.133125821212778E+01
2024-May-15, 5.652008840616115E+09, -1.507639136896338E+10, -1.256986313190638E+10, 4.210141610201901E+00, -9.342347664888798E+00, -1.133073950818863E+01
2024-Jun-14, 5.662920726100491E+09, -1.510060658952540E+10, -1.259923174037938E+10, 4.209531980999961E+00, -9.342249006779976E+00, -1.133022529003662E+01
2024-Jul-14, 5.673831144186350E+09, -1.512482160378636E+10, -1.262859902831807E+10, 4.209011295753031E+00, -9.342167666137239E+00, -1.132971949069896E+01
2024-Aug-13, 5.684740265586904E+09, -1.514903635346903E+10, -1.265796500718457E+10, 4.208521838820815E+00, -9.342047115722574E+00, -1.132921491256710E+01
2024-Sep-12, 5.695648106796384E+09, -1.517325076425926E+10, -1.268732967865021E+10, 4.208020457878091E+00, -9.341916635431662E+00, -1.132871124616051E+01
2024-Oct-12, 5.706554657027860E+09, -1.519746484780757E+10, -1.271669304845404E+10, 4.207522489247043E+00, -9.341787537419000E+00, -1.132820916090913E+01
2024-Nov-11, 5.717459871165463E+09, -1.522167861908981E+10, -1.274605511202243E+10, 4.206990604965459E+00, -9.341688506932638E+00, -1.132770379685289E+01
2024-Dec-11, 5.728363694715834E+09, -1.524589224122126E+10, -1.277541586580839E+10, 4.206463143825320E+00, -9.341682454128199E+00, -1.132720011231387E+01
2025-Jan-10, 5.739266270075626E+09, -1.527010594823960E+10, -1.280477532312820E+10, 4.206032008849188E+00, -9.341735791996605E+00, -1.132670241727983E+01
2025-Feb-09, 5.750167840254502E+09, -1.529431980759445E+10, -1.283413349387569E+10, 4.205688174218033E+00, -9.341795868973398E+00, -1.132620776450892E+01
2025-Mar-11, 5.761068625336597E+09, -1.531853380194493E+10, -1.286349038861336E+10, 4.205428093373935E+00, -9.341838127225408E+00, -1.132571879639583E+01
2025-Apr-10, 5.771968849581469E+09, -1.534274781241533E+10, -1.289284602358862E+10, 4.205239253096453E+00, -9.341793410548323E+00, -1.132523367492804E+01
2025-May-10, 5.782868558300915E+09, -1.536696159122048E+10, -1.292220039767610E+10, 4.205020326363137E+00, -9.341669821447088E+00, -1.132474585836184E+01
2025-Jun-09, 5.793767619924168E+09, -1.539117503105074E+10, -1.295155350565746E+10, 4.204746601945548E+00, -9.341547184061776E+00, -1.132425811163765E+01
2025-Jul-09, 5.804665954774447E+09, -1.541538817669375E+10, -1.298090535239714E+10, 4.204455866500195E+00, -9.341439737498064E+00, -1.132377141563976E+01
2025-Aug-08, 5.815563502707630E+09, -1.543960110169138E+10, -1.301025593701447E+10, 4.204146493328873E+00, -9.341384091756268E+00, -1.132328499861659E+01
2025-Sep-07, 5.826460281332334E+09, -1.546381398568658E+10, -1.303960526725114E+10, 4.203879969014766E+00, -9.341408663241786E+00, -1.132280514888253E+01
2025-Oct-07, 5.837356503432348E+09, -1.548802695469413E+10, -1.306895336356186E+10, 4.203709084493342E+00, -9.341433036877573E+00, -1.132233116960344E+01
2025-Nov-06, 5.848252351648737E+09, -1.551223994607565E+10, -1.309830023339184E+10, 4.203585987220915E+00, -9.341424532666363E+00, -1.132185861877426E+01
2025-Dec-06, 5.859147912817126E+09, -1.553645288790982E+10, -1.312764588097666E+10, 4.203492711754115E+00, -9.341397481490988E+00, -1.132138892232558E+01
2026-Jan-05, 5.870043271144809E+09, -1.556066569773507E+10, -1.315699031178373E+10, 4.203415037400959E+00, -9.341320586585145E+00, -1.132091806080894E+01
2026-Feb-04, 5.880938392948977E+09, -1.558487829102710E+10, -1.318633351767399E+10, 4.203310597042375E+00, -9.341239800778659E+00, -1.132044425112664E+01
2026-Mar-06, 5.891833241112587E+09, -1.560909073597165E+10, -1.321567549806925E+10, 4.203221285393366E+00, -9.341208723870633E+00, -1.131997408067693E+01
2026-Apr-05, 5.902727940574105E+09, -1.563330310911693E+10, -1.324501626530308E+10, 4.203189605858652E+00, -9.341177279314721E+00, -1.131950715894131E+01
2026-May-05, 5.913622618150300E+09, -1.565751538942146E+10, -1.327435582623357E+10, 4.203204796245235E+00, -9.341134491711706E+00, -1.131904363816165E+01
2026-Jun-04, 5.924517406612220E+09, -1.568172753718725E+10, -1.330369419447110E+10, 4.203282947134607E+00, -9.341066811832185E+00, -1.131858756275811E+01
$$EOE
