# Voyager1 data from NASA JPL HORIZONS
# Updated through 2026-Aug-16; generated by scripts/update_data.py
# date, x_km, y_km, z_km, vx_km_s, vy_km_s, vz_km_s
$$SOE
1977-Sep-05, 1.443746378487440E+08, -4.358198743573379E+07, -1.370435700586066E+03, 1.595490795520321E+01, 4.052412956605964E+01, 8.169144823834618E-01
1977-Oct-05, 1.561640471631895E+08, 5.633391286324137E+07, 1.792070792648967E+06, -2.157734032997252E+00, 3.762138911493489E+01, 6.399497456641949E-01
1977-Nov-04, 1.381070704693621E+08, 1.469085859477184E+08, 3.265412680750951E+06, -1.077053406859753E+01, 3.196317293028277E+01, 4.969023929578107E-01
1977-Dec-04, 1.044110843669867E+08, 2.220942364483275E+08, 4.390478228338927E+06, -1.467265446043682E+01, 2.622314077880134E+01, 3.771069475386088E-01
1978-Jan-03, 6.402950360013691E+07, 2.839137637566540E+08, 5.249143608346388E+06, -1.623274855484724E+01, 2.167920132852670E+01, 2.902644803220955E-01
1978-Feb-02, 2.115846788814256E+07, 3.354067040112215E+08, 5.915955409601286E+06, -1.673108193610920E+01, 1.820646943239705E+01, 2.275110935672018E-01
1978-Mar-04, -2.228738222584850E+07, 3.789701611613344E+08, 6.442401133104265E+06, -1.673718549706784E+01, 1.551654500049312E+01, 1.808719517552344E-01
1978-Apr-03, -6.540714613513221E+07, 4.163238113995635E+08, 6.862919579786539E+06, -1.650772793072607E+01, 1.338382388190035E+01, 1.450880982275198E-01
1978-May-03, -1.077668339930330E+08, 4.486980675542101E+08, 7.201012795367926E+06, -1.616456351132391E+01, 1.165339324336425E+01, 1.168357505440243E-01
1978-Jun-02, -1.491594089648468E+08, 4.769910480018378E+08, 7.473233881539881E+06, -1.576859554567018E+01, 1.022038436624274E+01, 9.397451863907413E-02
1978-Jul-02, -1.894933487297854E+08, 5.018747270363541E+08, 7.691590484883875E+06, -1.535146220916945E+01, 9.012842177538580E+00, 7.507970045154577E-02
1978-Aug-01, -2.287379518638004E+08, 5.238645384666895E+08, 7.865029036203235E+06, -1.493009871778880E+01, 7.980436404767412E+00, 5.918134392924301E-02
1978-Aug-31, -2.668953775781872E+08, 5.433652795068969E+08, 8.000370201632351E+06, -1.451369053821753E+01, 7.087214565054123E+00, 4.558449239083151E-02
1978-Sep-30, -3.039855138124979E+08, 5.607023924442468E+08, 8.102869313200593E+06, -1.410715499038250E+01, 6.307376029498094E+00, 3.376326134368801E-02
1978-Oct-30, -3.400377978260011E+08, 5.761450024756351E+08, 8.176573172783643E+06, -1.371323276333619E+01, 5.623008992285449E+00, 2.330108906634054E-02
1978-Nov-29, -3.750874144624079E+08, 5.899252610063977E+08, 8.224493240121841E+06, -1.333379861932971E+01, 5.023702073320633E+00, 1.379708082258557E-02
1978-Dec-29, -4.091748757231413E+08, 6.022621478402394E+08, 8.248463059081405E+06, -1.297150557212053E+01, 4.511403427632857E+00, 4.696973455765585E-03
1979-Jan-28, -4.423544345153965E+08, 6.134230362063682E+08, 8.248017886440247E+06, -1.263687303877885E+01, 4.134146322506885E+00, -5.515694552832517E-03
1979-Feb-27, -4.748174182380574E+08, 6.242979734531765E+08, 8.208158404872179E+06, -1.256485484338718E+01, 4.849037328516396E+00, -3.641888649094471E-02
1979-Mar-29, -5.281253382512773E+08, 6.051468073113705E+08, 1.048814864952618E+07, -2.094014964824261E+01, -1.104099126784946E+01, 1.029850226902770E+00
1979-Apr-28, -5.816699913481417E+08, 5.761083828655362E+08, 1.312210190768266E+07, -2.041518862858122E+01, -1.137082270770560E+01, 1.006276839602609E+00
1979-May-28, -6.340056655454621E+08, 5.462151085026532E+08, 1.571186397304520E+07, -1.997592686528943E+01, -1.169108543523242E+01, 9.925331300157807E-01
1979-Jun-27, -6.852509176402848E+08, 5.155277155347994E+08, 1.826874598257780E+07, -1.956825250647164E+01, -1.198188948387044E+01, 9.804858094854207E-01
1979-Jul-27, -7.354600024386595E+08, 4.841306886395767E+08, 2.079500088178951E+07, -1.917540723208662E+01, -1.223845795193790E+01, 9.688096691902954E-01
1979-Aug-26, -7.846666818060707E+08, 4.521128783666326E+08, 2.329112207617912E+07, -1.879474405280545E+01, -1.246113446444344E+01, 9.572176921049893E-01
1979-Sep-25, -8.329028890848869E+08, 4.195597341168928E+08, 2.575726568991843E+07, -1.842676433104538E+01, -1.265192337207670E+01, 9.456853030126853E-01
1979-Oct-25, -8.802030535944529E+08, 3.865505305489807E+08, 2.819365882287461E+07, -1.807269253716196E+01, -1.281352633707471E+01, 9.342735606346086E-01
1979-Nov-24, -9.266046722161638E+08, 3.531570058357033E+08, 3.060070411252841E+07, -1.773358715928626E+01, -1.294898375367633E+01, 9.230511620087314E-01
1979-Dec-24, -9.721474558013644E+08, 3.194429853597823E+08, 3.297897211858945E+07, -1.741009179492542E+01, -1.306130263783997E+01, 9.120797051522325E-01
1980-Jan-23, -1.016872390697754E+09, 2.854647355959101E+08, 3.532919232894219E+07, -1.710255815464327E+01, -1.315333065262700E+01, 9.014167319570987E-01
1980-Feb-22, -1.060820921670432E+09, 2.512713418591099E+08, 3.765221540293740E+07, -1.681098995632132E+01, -1.322773308643843E+01, 8.910987897741283E-01
1980-Mar-23, -1.104034126014681E+09, 2.169053666396346E+08, 3.994896862046109E+07, -1.653512934871819E+01, -1.328685314134787E+01, 8.811521302805687E-01
1980-Apr-22, -1.146552353018703E+09, 1.824036776697782E+08, 4.222045184200756E+07, -1.627468257190806E+01, -1.333279016183164E+01, 8.716031955873547E-01
1980-May-22, -1.188415066686508E+09, 1.477978899447128E+08, 4.446771552771641E+07, -1.602926047183737E+01, -1.336748748037392E+01, 8.624654814461916E-01
1980-Jun-21, -1.229660650796059E+09, 1.131148516045831E+08, 4.669183836229997E+07, -1.579845130349457E+01, -1.339266243604110E+01, 8.537514070981898E-01
1980-Jul-21, -1.270326712743165E+09, 7.837715959892072E+07, 4.889394804139924E+07, -1.558209671527235E+01, -1.340992676102542E+01, 8.454839786484367E-01
1980-Aug-20, -1.310451055940606E+09, 4.360322180122729E+07, 5.107524819583055E+07, -1.538063304782107E+01, -1.342091557932638E+01, 8.377061517784083E-01
1980-Sep-19, -1.350075090139325E+09, 8.806866781503091E+06, 5.323717397006013E+07, -1.519706962800351E+01, -1.342766950193936E+01, 8.305899262726246E-01
1980-Oct-19, -1.389263393130429E+09, -2.600703956911525E+07, 5.538240969377697E+07, -1.505301260331615E+01, -1.343685624594289E+01, 8.252966828943382E-01
1980-Nov-18, -1.424854439865937E+09, -6.286469146809938E+07, 6.347531649462219E+07, -6.461164836725956E+00, -1.680339964603590E+01, 1.230265744947188E+01
1980-Dec-18, -1.441153019346698E+09, -1.061615055113527E+08, 9.493997893272159E+07, -6.179042791330481E+00, -1.667057749987683E+01, 1.208674146142822E+01
1981-Jan-17, -1.456959687128607E+09, -1.492578051077026E+08, 1.262550468079389E+08, -6.010050201802977E+00, -1.663161479543848E+01, 1.206093452187471E+01
1981-Feb-16, -1.472328591510767E+09, -1.923380380849760E+08, 1.574875990836092E+08, -5.850077212168721E+00, -1.660920277451035E+01, 1.203870100718921E+01
1981-Mar-18, -1.487292981890524E+09, -2.353585062333585E+08, 1.886643453823719E+08, -5.697671767750403E+00, -1.658524937027823E+01, 1.201738241267265E+01
1981-Apr-17, -1.501871028942245E+09, -2.783140240033481E+08, 2.197850525911394E+08, -5.551885663832157E+00, -1.655905855735839E+01, 1.199533597326392E+01
1981-May-17, -1.516079329990746E+09, -3.211987471689535E+08, 2.508471802943814E+08, -5.412304551518154E+00, -1.653064416558814E+01, 1.197215089169674E+01
1981-Jun-16, -1.529933635653781E+09, -3.640070432762116E+08, 2.818476563516366E+08, -5.278737840820998E+00, -1.650011473013725E+01, 1.194778015510085E+01
1981-Jul-16, -1.543449397048773E+09, -4.067337232749525E+08, 3.127835422047464E+08, -5.151061917388707E+00, -1.646771320858378E+01, 1.192233371889894E+01
1981-Aug-15, -1.556641718387570E+09, -4.493743045237260E+08, 3.436522257190946E+08, -5.029139462371043E+00, -1.643372639431108E+01, 1.189595157123814E+01
1981-Sep-14, -1.569525308314535E+09, -4.919249913822164E+08, 3.744514869863899E+08, -4.912828782098460E+00, -1.639839568879074E+01, 1.186879485939008E+01
1981-Oct-14, -1.582114550188222E+09, -5.343826984251645E+08, 4.051795245576026E+08, -4.801986528561057E+00, -1.636203436151410E+01, 1.184101982320051E+01
1981-Nov-13, -1.594423313854629E+09, -5.767451460106206E+08, 4.358349203497280E+08, -4.696357969878171E+00, -1.632493182768043E+01, 1.181276730157425E+01
1981-Dec-13, -1.606464736913460E+09, -6.190106165556993E+08, 4.664166058434747E+08, -4.595681775527222E+00, -1.628724138948970E+01, 1.178417085190644E+01
1982-Jan-12, -1.618251426526346E+09, -6.611778498041198E+08, 4.969238775196407E+08, -4.499758446167010E+00, -1.624914885351514E+01, 1.175536561176297E+01
1982-Feb-11, -1.629795372175820E+09, -7.032459721325489E+08, 5.273563254945421E+08, -4.408335897284008E+00, -1.621077668298855E+01, 1.172645169811392E+01
1982-Mar-13, -1.641107994096016E+09, -7.452143094338675E+08, 5.577137986878734E+08, -4.321254163293222E+00, -1.617217261438582E+01, 1.169753134088797E+01
1982-Apr-12, -1.652200402254209E+09, -7.870823842340109E+08, 5.879964103700804E+08, -4.238392790631133E+00, -1.613343465200870E+01, 1.166870710827485E+01
1982-May-12, -1.663083293348621E+09, -8.288502096707698E+08, 6.182044942890654E+08, -4.159550617076845E+00, -1.609484518413938E+01, 1.164003083425347E+01
1982-Jun-11, -1.673766841737239E+09, -8.705182204658467E+08, 6.483385221203101E+08, -4.084554620273877E+00, -1.605644276933693E+01, 1.161157547817023E+01
1982-Jul-11, -1.684260774716727E+09, -9.120870976675477E+08, 6.783991377870288E+08, -4.013204455412438E+00, -1.601837485718973E+01, 1.158339307373785E+01
1982-Aug-10, -1.694574203378773E+09, -9.535578518815938E+08, 7.083870992813703E+08, -3.945227898962161E+00, -1.598072970968619E+01, 1.155552063013938E+01
1982-Sep-09, -1.704715599104687E+09, -9.949315496457450E+08, 7.383032674383636E+08, -3.880442162541369E+00, -1.594349138858886E+01, 1.152800453978120E+01
1982-Oct-09, -1.714693043375965E+09, -1.036209295110536E+09, 7.681486099078422E+08, -3.818698629618750E+00, -1.590670042076873E+01, 1.150087588649193E+01
1982-Nov-08, -1.724514197484356E+09, -1.077392305927062E+09, 7.979241638286320E+08, -3.759818746090229E+00, -1.587038872046166E+01, 1.147416040469651E+01
1982-Dec-08, -1.734186353322424E+09, -1.118481810526743E+09, 8.276310351794872E+08, -3.703717753315731E+00, -1.583456526663875E+01, 1.144788310032756E+01
1983-Jan-07, -1.743716559451692E+09, -1.159479191904336E+09, 8.572703837670248E+08, -3.650263905536953E+00, -1.579932235572600E+01, 1.142206110522054E+01
1983-Feb-06, -1.753111418328633E+09, -1.200386046141791E+09, 8.868433964758329E+08, -3.599249148369497E+00, -1.576470679008961E+01, 1.139669988626519E+01
1983-Mar-08, -1.762377061641838E+09, -1.241203961196951E+09, 9.163512856506374E+08, -3.550534794118049E+00, -1.573070412572079E+01, 1.137181568445517E+01
1983-Apr-07, -1.771519265286731E+09, -1.281934550162343E+09, 9.457952925772871E+08, -3.503985256607232E+00, -1.569732437009472E+01, 1.134740395743186E+01
1983-May-07, -1.780543425459091E+09, -1.322579388991546E+09, 9.751766497801683E+08, -3.459423277384384E+00, -1.566451815504038E+01, 1.132348174073034E+01
1983-Jun-06, -1.789454658370102E+09, -1.363139872782235E+09, 1.004496626152039E+09, -3.416848595802095E+00, -1.563223914339472E+01, 1.130004180695451E+01
1983-Jul-06, -1.798258056983567E+09, -1.403617418433716E+09, 1.033756454585560E+09, -3.376215461491663E+00, -1.560054137055342E+01, 1.127706845063676E+01
1983-Aug-05, -1.806958518184066E+09, -1.444013605765911E+09, 1.062957362209713E+09, -3.337402297662036E+00, -1.556945522361262E+01, 1.125457637112231E+01
1983-Sep-04, -1.815560667892173E+09, -1.484330030216395E+09, 1.092100592336002E+09, -3.300341426025792E+00, -1.553900965812982E+01, 1.123256302421618E+01
1983-Oct-04, -1.824068476492930E+09, -1.524568655587649E+09, 1.121187857179051E+09, -3.264716655848518E+00, -1.550936380208680E+01, 1.121123274158511E+01
1983-Nov-03, -1.832486254958709E+09, -1.564731115573027E+09, 1.150219943466656E+09, -3.230711785693102E+00, -1.548028958644710E+01, 1.119014739036055E+01
1983-Dec-03, -1.840817683877837E+09, -1.604819006731461E+09, 1.179197966775022E+09, -3.198081549493015E+00, -1.545182282285725E+01, 1.116951345562428E+01
1984-Jan-02, -1.849066237889873E+09, -1.644833861865356E+09, 1.208123086282637E+09, -3.166752645208320E+00, -1.542393318047468E+01, 1.114932477525616E+01
1984-Feb-01, -1.857235165865032E+09, -1.684777096019375E+09, 1.236996454342803E+09, -3.136649552411969E+00, -1.539654674134208E+01, 1.112958015602647E+01
1984-Mar-02, -1.865327726324919E+09, -1.724650002287390E+09, 1.265819214147082E+09, -3.107729008880610E+00, -1.536968974437189E+01, 1.111038532671505E+01
1984-Apr-01, -1.873346930630723E+09, -1.764454011465379E+09, 1.294592765817698E+09, -3.080120814547271E+00, -1.534338072967949E+01, 1.109149835855240E+01
1984-May-01, -1.881296027800591E+09, -1.804190563389217E+09, 1.323317900826107E+09, -3.053623617794774E+00, -1.531762959838049E+01, 1.107302863870258E+01
1984-May-31, -1.889177853783072E+09, -1.843861100269256E+09, 1.351995689520296E+09, -3.028203698860722E+00, -1.529244761801616E+01, 1.105496120464229E+01
1984-Jun-30, -1.896995085530493E+09, -1.883467109960677E+09, 1.380627157260026E+09, -3.003760956959759E+00, -1.526783886157625E+01, 1.103728413789027E+01
1984-Jul-30, -1.904750108119348E+09, -1.923009983581987E+09, 1.409213306920088E+09, -2.980207540938663E+00, -1.524371388963861E+01, 1.101999280314893E+01
1984-Aug-29, -1.912445524066242E+09, -1.962490897849757E+09, 1.437754781273874E+09, -2.957680330406469E+00, -1.522003877128574E+01, 1.100293287611539E+01
1984-Sep-28, -1.920083489211300E+09, -2.001911093295645E+09, 1.466252856402232E+09, -2.935952493499426E+00, -1.519686249244044E+01, 1.098638242120217E+01
1984-Oct-28, -1.927666240075790E+09, -2.041271833415285E+09, 1.494708500263928E+09, -2.915080075578508E+00, -1.517416033075567E+01, 1.097019264052138E+01
1984-Nov-27, -1.935195988438583E+09, -2.080574389888284E+09, 1.523122641032326E+09, -2.895044789300866E+00, -1.515197622921849E+01, 1.095435666920322E+01
1984-Dec-27, -1.942674794472285E+09, -2.119820165958928E+09, 1.551496177497690E+09, -2.875746200929138E+00, -1.513034810122637E+01, 1.093885892564349E+01
1985-Jan-26, -1.950104409010379E+09, -2.159010517463746E+09, 1.579829970763068E+09, -2.857087706018100E+00, -1.510919597813723E+01, 1.092369037414558E+01
1985-Feb-25, -1.957486476614868E+09, -2.198146618901185E+09, 1.608124855172854E+09, -2.839054879065829E+00, -1.508848108325336E+01, 1.090883443692809E+01
1985-Mar-27, -1.964822576249979E+09, -2.237229586466736E+09, 1.636381589719022E+09, -2.821613217894417E+00, -1.506817736228929E+01, 1.089426852124676E+01
1985-Apr-26, -1.972114256527064E+09, -2.276260313971169E+09, 1.664601015370385E+09, -2.804793875581020E+00, -1.504817972174051E+01, 1.088003094342923E+01
1985-May-26, -1.979363209369829E+09, -2.315239658273134E+09, 1.692783932019736E+09, -2.788647197919503E+00, -1.502853992774807E+01, 1.086609638547726E+01
1985-Jun-25, -1.986571156414856E+09, -2.354168644872181E+09, 1.720931109237853E+09, -2.773136227937479E+00, -1.500932859760812E+01, 1.085245191662276E+01
1985-Jul-25, -1.993739661524014E+09, -2.393048373615984E+09, 1.749043289614739E+09, -2.758214857025769E+00, -1.499053590461744E+01, 1.083909214992157E+01
1985-Aug-24, -2.000870207377221E+09, -2.431879970959980E+09, 1.777121201251967E+09, -2.743836830948114E+00, -1.497219379665555E+01, 1.082600759290170E+01
1985-Sep-23, -2.007964091496744E+09, -2.470664636497907E+09, 1.805165538310069E+09, -2.729906284998959E+00, -1.495430616818537E+01, 1.081318406548954E+01
1985-Oct-23, -2.015022402078009E+09, -2.509403391255587E+09, 1.833176970207786E+09, -2.716392862108484E+00, -1.493676432344541E+01, 1.080061764836577E+01
1985-Nov-22, -2.022046264598855E+09, -2.548097104001811E+09, 1.861156163671819E+09, -2.703330358076832E+00, -1.491955116565493E+01, 1.078830799576187E+01
1985-Dec-22, -2.029036832396120E+09, -2.586746643925775E+09, 1.889103769595131E+09, -2.690694121368892E+00, -1.490267357627417E+01, 1.077624351055293E+01
1986-Jan-21, -2.035995215285643E+09, -2.625352823266760E+09, 1.917020421629316E+09, -2.678505786093121E+00, -1.488610146663786E+01, 1.076442383223128E+01
1986-Feb-20, -2.042922594490839E+09, -2.663916502629848E+09, 1.944906748167507E+09, -2.666766106476772E+00, -1.486988868027701E+01, 1.075284199029202E+01
1986-Mar-22, -2.049820039527197E+09, -2.702438665874200E+09, 1.972763346333047E+09, -2.655390398942273E+00, -1.485405699481537E+01, 1.074148374601612E+01
1986-Apr-21, -2.056688424844993E+09, -2.740920209161506E+09, 2.000590787162375E+09, -2.644347568344012E+00, -1.483854532149120E+01, 1.073034356054509E+01
1986-May-21, -2.063528628268656E+09, -2.779361949079805E+09, 2.028389635638401E+09, -2.633641711187007E+00, -1.482334234955319E+01, 1.071942006363282E+01
1986-Jun-20, -2.070341459608499E+09, -2.817764657140315E+09, 2.056160431845165E+09, -2.623224509298494E+00, -1.480841140097244E+01, 1.070869816850795E+01
1986-Jul-20, -2.077127746508780E+09, -2.856128945084014E+09, 2.083903711335521E+09, -2.613172437300640E+00, -1.479370376133874E+01, 1.069818762781085E+01
1986-Aug-19, -2.083888490919489E+09, -2.894455458421784E+09, 2.111620012688421E+09, -2.603517093641941E+00, -1.477927847380288E+01, 1.068788040626572E+01
1986-Sep-18, -2.090624684806361E+09, -2.932744995031141E+09, 2.139309842436703E+09, -2.594219002977481E+00, -1.476516499355678E+01, 1.067776450805234E+01
1986-Oct-18, -2.097337157170658E+09, -2.970998456938520E+09, 2.166973741078354E+09, -2.585198933545946E+00, -1.475147791641280E+01, 1.066787250674809E+01
1986-Nov-17, -2.104026645662224E+09, -3.009216829836257E+09, 2.194612222893745E+09, -2.576480354503194E+00, -1.473807058018195E+01, 1.065814582385154E+01
1986-Dec-17, -2.110693756459014E+09, -3.047400892072120E+09, 2.222225710671541E+09, -2.567869090025014E+00, -1.472501909598826E+01, 1.064860133219603E+01
1987-Jan-16, -2.117338780211219E+09, -3.085551430746047E+09, 2.249814691618786E+09, -2.559496303617641E+00, -1.471216419958265E+01, 1.063922578740530E+01
1987-Feb-15, -2.123962372581934E+09, -3.123669003124894E+09, 2.277379710968957E+09, -2.551340258007430E+00, -1.469955649022563E+01, 1.063007061345523E+01
1987-Mar-17, -2.130565107640874E+09, -3.161754091060044E+09, 2.304921118125082E+09, -2.543406476771160E+00, -1.468711214796743E+01, 1.062104529277883E+01
1987-Apr-16, -2.137147638631736E+09, -3.199807135540758E+09, 2.332439324915741E+09, -2.535753901419766E+00, -1.467484181836273E+01, 1.061216524991742E+01
1987-May-16, -2.143710712533646E+09, -3.237828708250921E+09, 2.359934724289892E+09, -2.528386926051013E+00, -1.466284436809901E+01, 1.060344597036863E+01
1987-Jun-15, -2.150254921303314E+09, -3.275819572385985E+09, 2.387407727832639E+09, -2.521154236023601E+00, -1.465114871707114E+01, 1.059490180748409E+01
1987-Jul-15, -2.156780700730421E+09, -3.313780449995057E+09, 2.414858787814882E+09, -2.514209737149508E+00, -1.463971037554030E+01, 1.058651100342568E+01
1987-Aug-14, -2.163288687658646E+09, -3.351711998364021E+09, 2.442288269057165E+09, -2.507405744323654E+00, -1.462850334078673E+01, 1.057823502513908E+01
1987-Sep-13, -2.169779173544355E+09, -3.389614752505168E+09, 2.469696493932239E+09, -2.500713576056004E+00, -1.461747517243510E+01, 1.057010597610715E+01
1987-Oct-13, -2.176252570265335E+09, -3.427489157583843E+09, 2.497083821116583E+09, -2.494225435624355E+00, -1.460663181034987E+01, 1.056211310730459E+01
1987-Nov-12, -2.182709425391888E+09, -3.465335723598890E+09, 2.524450607299438E+09, -2.487944402720166E+00, -1.459600809441831E+01, 1.055425606027902E+01
1987-Dec-12, -2.189150211880538E+09, -3.503155044370784E+09, 2.551797200109003E+09, -2.481829744658235E+00, -1.458560286983322E+01, 1.054653263066479E+01
1988-Jan-11, -2.195575367978186E+09, -3.540947697003615E+09, 2.579123946472834E+09, -2.475880969053743E+00, -1.457543837373440E+01, 1.053894153317077E+01
1988-Feb-10, -2.201985280797730E+09, -3.578714350379110E+09, 2.606431180040811E+09, -2.470046590993018E+00, -1.456554118631248E+01, 1.053147414988738E+01
1988-Mar-11, -2.208380123635776E+09, -3.616455606994632E+09, 2.633719209713207E+09, -2.464259003673822E+00, -1.455582333416288E+01, 1.052412487367310E+01
1988-Apr-10, -2.214760075499402E+09, -3.654171853042101E+09, 2.660988342786659E+09, -2.458561541499876E+00, -1.454623823832623E+01, 1.051689227736904E+01
1988-May-10, -2.221125406236453E+09, -3.691863417586743E+09, 2.688238880732394E+09, -2.452976388775892E+00, -1.453678052704033E+01, 1.050977606324944E+01
1988-Jun-09, -2.227476432812302E+09, -3.729530594251426E+09, 2.715471123350415E+09, -2.447540785463467E+00, -1.452741785586378E+01, 1.050277613269747E+01
1988-Jul-09, -2.233813636923672E+09, -3.767173678932156E+09, 2.742685374935513E+09, -2.442312573691279E+00, -1.451820363197789E+01, 1.049589401441950E+01
1988-Aug-08, -2.240137537514685E+09, -3.804793169775784E+09, 2.769881932590597E+09, -2.437257768342011E+00, -1.450922142814548E+01, 1.048912134984161E+01
1988-Sep-07, -2.246448472426396E+09, -3.842389655730871E+09, 2.797061068834705E+09, -2.432311132972345E+00, -1.450044979079224E+01, 1.048245266623404E+01
1988-Oct-07, -2.252746715848748E+09, -3.879963696020087E+09, 2.824223059345377E+09, -2.427455628153018E+00, -1.449190119482430E+01, 1.047589012570846E+01
1988-Nov-06, -2.259032426546873E+09, -3.917515857822578E+09, 2.851368165832501E+09, -2.422624835961728E+00, -1.448355782174500E+01, 1.046942338920579E+01
1988-Dec-06, -2.265305623313183E+09, -3.955046539580894E+09, 2.878496636483548E+09, -2.417815447116904E+00, -1.447531647552124E+01, 1.046305535143246E+01
1989-Jan-05, -2.271566449726526E+09, -3.992555975776767E+09, 2.905608728586398E+09, -2.413089272173887E+00, -1.446716729716687E+01, 1.045678587873038E+01
1989-Feb-04, -2.277815163216091E+09, -4.030044453309150E+09, 2.932704698058475E+09, -2.408459376458367E+00, -1.445914458361542E+01, 1.045061348864521E+01
1989-Mar-06, -2.284052001435027E+09, -4.067512265849610E+09, 2.959784793800880E+09, -2.403937040609576E+00, -1.445122618185953E+01, 1.044453773882003E+01
1989-Apr-05, -2.290277276270705E+09, -4.104959746696029E+09, 2.986849264247880E+09, -2.399533146083424E+00, -1.444346416018794E+01, 1.043855580324028E+01
1989-May-05, -2.296491217386445E+09, -4.142387352200522E+09, 3.013898335052499E+09, -2.395175532561003E+00, -1.443588345081969E+01, 1.043265524141715E+01
1989-Jun-04, -2.302693898289680E+09, -4.179795457136411E+09, 3.040932225048207E+09, -2.390851185736674E+00, -1.442841232889475E+01, 1.042684195184279E+01
1989-Jul-04, -2.308885435583793E+09, -4.217184321560611E+09, 3.067951156305688E+09, -2.386581104755509E+00, -1.442103570527774E+01, 1.042111248943717E+01
1989-Aug-03, -2.315065973431163E+09, -4.254554190161257E+09, 3.094955339534253E+09, -2.382360272490599E+00, -1.441374566505158E+01, 1.041546232195178E+01
1989-Sep-02, -2.321235690148228E+09, -4.291905221884643E+09, 3.121944988030004E+09, -2.378246814830649E+00, -1.440650949921148E+01, 1.040989810685594E+01
1989-Oct-02, -2.327394929421251E+09, -4.329237641034327E+09, 3.148920324673841E+09, -2.374275879511459E+00, -1.439939783032738E+01, 1.040441849960894E+01
1989-Nov-01, -2.333543984673617E+09, -4.366551861139234E+09, 3.175881558696516E+09, -2.370377169561979E+00, -1.439246342056627E+01, 1.039901563913015E+01
1989-Dec-01, -2.339683015475915E+09, -4.403848304766415E+09, 3.202828890359103E+09, -2.366535213482274E+00, -1.438568421246721E+01, 1.039369117045751E+01
1989-Dec-31, -2.345812113837266E+09, -4.441127382592744E+09, 3.229762515865440E+09, -2.362705981334193E+00, -1.437906273281644E+01, 1.038843879896010E+01
1990-Jan-30, -2.351931224853568E+09, -4.478389464882648E+09, 3.256682611833514E+09, -2.358820927049814E+00, -1.437254679265123E+01, 1.038325087030346E+01
1990-Mar-01, -2.358040243181131E+09, -4.515634685955509E+09, 3.283589346417883E+09, -2.354934886897455E+00, -1.436605151805967E+01, 1.037813259401429E+01
1990-Mar-31, -2.364139268637650E+09, -4.552863079734418E+09, 3.310482919247072E+09, -2.351118610283131E+00, -1.435956970485435E+01, 1.037309280140975E+01
1990-Apr-30, -2.370228495161544E+09, -4.590074735124767E+09, 3.337363517501155E+09, -2.347373990842158E+00, -1.435312794045362E+01, 1.036811955647514E+01
1990-May-30, -2.376308163017935E+09, -4.627269735344351E+09, 3.364231305489983E+09, -2.343752478991015E+00, -1.434674010034988E+01, 1.036321551000529E+01
1990-Jun-29, -2.382378608644028E+09, -4.664448351621750E+09, 3.391086485638577E+09, -2.340246784577455E+00, -1.434049373758830E+01, 1.035838448383988E+01
1990-Jul-29, -2.388440003700981E+09, -4.701610970936004E+09, 3.417929213121354E+09, -2.336758914747095E+00, -1.433438257206785E+01, 1.035360774493620E+01
1990-Aug-28, -2.394492391505967E+09, -4.738757883717014E+09, 3.444759649492767E+09, -2.333295780108492E+00, -1.432837404600344E+01, 1.034889967900488E+01
1990-Sep-27, -2.400535819657533E+09, -4.775889330385855E+09, 3.471577952521692E+09, -2.329844508665266E+00, -1.432245035265522E+01, 1.034424643529251E+01
1990-Oct-27, -2.406570290472854E+09, -4.813005501705425E+09, 3.498384276255822E+09, -2.326389639752555E+00, -1.431657000249565E+01, 1.033965613034416E+01
1990-Nov-26, -2.412595886357795E+09, -4.850106451619432E+09, 3.525178785687955E+09, -2.323004401489916E+00, -1.431071446399166E+01, 1.033513032629431E+01
1990-Dec-26, -2.418612824787680E+09, -4.887192318882201E+09, 3.551961645499559E+09, -2.319704538607353E+00, -1.430494555818383E+01, 1.033066588170779E+01
1991-Jan-25, -2.424621250445340E+09, -4.924263363522392E+09, 3.578733006469868E+09, -2.316434420965757E+00, -1.429926711759754E+01, 1.032625862145277E+01
1991-Feb-24, -2.430621252599344E+09, -4.961319794514413E+09, 3.605493016274477E+09, -2.313200912384708E+00, -1.429367465717717E+01, 1.032190672521406E+01
1991-Mar-26, -2.436612893380969E+09, -4.998361868079726E+09, 3.632241821266851E+09, -2.309971406671073E+00, -1.428818958803957E+01, 1.031761080708578E+01
1991-Apr-25, -2.442596096210193E+09, -5.035389784752048E+09, 3.658979553282529E+09, -2.306698537981139E+00, -1.428273267668569E+01, 1.031336600332654E+01
1991-May-25, -2.448570835017750E+09, -5.072403526597207E+09, 3.685706345627424E+09, -2.303449201903252E+00, -1.427725138293116E+01, 1.030916870918966E+01
1991-Jun-24, -2.454537250348914E+09, -5.109403073544166E+09, 3.712422336532899E+09, -2.300275796278637E+00, -1.427178823206904E+01, 1.030502978360565E+01
1991-Jul-24, -2.460495529353595E+09, -5.146388476021687E+09, 3.739127666786313E+09, -2.297183097365999E+00, -1.426633487267436E+01, 1.030094473866308E+01
1991-Aug-23, -2.466445951173848E+09, -5.183359802090694E+09, 3.765822473883870E+09, -2.294211231305512E+00, -1.426094006804009E+01, 1.029690908231796E+01
1991-Sep-22, -2.472388801406422E+09, -5.220317326119000E+09, 3.792506893638681E+09, -2.291322433479098E+00, -1.425569481256656E+01, 1.029292790913165E+01
1991-Oct-22, -2.478324160866928E+09, -5.257261410162513E+09, 3.819181053068189E+09, -2.288431554270763E+00, -1.425055906980759E+01, 1.028899383031247E+01
1991-Nov-21, -2.484252011515471E+09, -5.294192283224998E+09, 3.845845065830031E+09, -2.285523831922717E+00, -1.424549666360439E+01, 1.028509780221348E+01
1991-Dec-21, -2.490172295403778E+09, -5.331110135714493E+09, 3.872499047190068E+09, -2.282583422627521E+00, -1.424050518952098E+01, 1.028125200899509E+01
1992-Jan-20, -2.496084900154530E+09, -5.368015023604346E+09, 3.899143115480006E+09, -2.279617174048712E+00, -1.423548116627558E+01, 1.027745063056466E+01
1992-Feb-19, -2.501989880846598E+09, -5.404906842167254E+09, 3.925777388880932E+09, -2.276709370619922E+00, -1.423042709993242E+01, 1.027369386197680E+01
1992-Mar-20, -2.507887437427320E+09, -5.441785608648917E+09, 3.952401992349882E+09, -2.273879889893914E+00, -1.422541852282496E+01, 1.026998849980854E+01
1992-Apr-19, -2.513777732505628E+09, -5.478651429782855E+09, 3.979017050764625E+09, -2.271115390601570E+00, -1.422044017504698E+01, 1.026633006199180E+01
1992-May-19, -2.519660958909134E+09, -5.515504432433866E+09, 4.005622684141872E+09, -2.268420540825037E+00, -1.421553394017000E+01, 1.026271531395794E+01
1992-Jun-18, -2.525537234473122E+09, -5.552344850719475E+09, 4.032218998411535E+09, -2.265733921656550E+00, -1.421072446992405E+01, 1.025913769528772E+01
1992-Jul-18, -2.531406514074940E+09, -5.589172832756634E+09, 4.058806088604011E+09, -2.263034082674264E+00, -1.420592899721696E+01, 1.025559923362848E+01
1992-Aug-17, -2.537268831484317E+09, -5.625988386721575E+09, 4.085384060339252E+09, -2.260368537118454E+00, -1.420113535871690E+01, 1.025210191126184E+01
1992-Sep-16, -2.543124303555735E+09, -5.662791546599893E+09, 4.111953017417533E+09, -2.257746265805181E+00, -1.419636408198956E+01, 1.024864298323648E+01
1992-Oct-16, -2.548973058915439E+09, -5.699582334598438E+09, 4.138513064481354E+09, -2.255199625213708E+00, -1.419159600999170E+01, 1.024522799923798E+01
1992-Nov-15, -2.554815342541473E+09, -5.736360841295561E+09, 4.165064316974977E+09, -2.252749740127906E+00, -1.418689917807271E+01, 1.024185642939458E+01
1992-Dec-15, -2.560651333569876E+09, -5.773127335130597E+09, 4.191606878127643E+09, -2.250324206205526E+00, -1.418232230197875E+01, 1.023852060529341E+01
1993-Jan-14, -2.566481015956514E+09, -5.809882052477184E+09, 4.218140840910127E+09, -2.247884919125935E+00, -1.417780954173923E+01, 1.023522220979973E+01
1993-Feb-13, -2.572304347375545E+09, -5.846625139212939E+09, 4.244666300406062E+09, -2.245422332992614E+00, -1.417334369552347E+01, 1.023195888688925E+01
1993-Mar-15, -2.578121234362542E+09, -5.883356680208551E+09, 4.271183340611191E+09, -2.242907207303759E+00, -1.416888315764713E+01, 1.022872579216482E+01
1993-Apr-14, -2.583931597584369E+09, -5.920076561526066E+09, 4.297692048118622E+09, -2.240408493955376E+00, -1.416434848926506E+01, 1.022553032967809E+01
1993-May-14, -2.589735594509265E+09, -5.956784630794507E+09, 4.324192523769344E+09, -2.238003973671286E+00, -1.415978042485403E+01, 1.022237384999194E+01
1993-Jun-13, -2.595533477352631E+09, -5.993480892854877E+09, 4.350684862670689E+09, -2.235683951273848E+00, -1.415523647506943E+01, 1.021925189493360E+01
1993-Jul-13, -2.601325474856474E+09, -6.030165408054502E+09, 4.377169159371088E+09, -2.233466585534221E+00, -1.415072919602394E+01, 1.021616835943886E+01
1993-Aug-12, -2.607111836694614E+09, -6.066838357975250E+09, 4.403645509245457E+09, -2.231327133662038E+00, -1.414632172116022E+01, 1.021311899205952E+01
1993-Sep-11, -2.612892651036488E+09, -6.103500032819982E+09, 4.430113989964203E+09, -2.229171953026912E+00, -1.414201273782591E+01, 1.021009650098748E+01
1993-Oct-11, -2.618667856944536E+09, -6.140150574442944E+09, 4.456574677162037E+09, -2.227004728250125E+00, -1.413772924305776E+01, 1.020710565292179E+01
1993-Nov-10, -2.624437452267165E+09, -6.176790030954222E+09, 4.483027653039059E+09, -2.224846432845866E+00, -1.413346097084761E+01, 1.020414608227580E+01
1993-Dec-10, -2.630201448760484E+09, -6.213418434020755E+09, 4.509472994745900E+09, -2.222686826730050E+00, -1.412918681700369E+01, 1.020121615349519E+01
1994-Jan-09, -2.635959923580752E+09, -6.250035719246946E+09, 4.535910789607446E+09, -2.220594778174253E+00, -1.412489324321011E+01, 1.019832293589842E+01
1994-Feb-08, -2.641713086707583E+09, -6.286641918050240E+09, 4.562341130630767E+09, -2.218584825184116E+00, -1.412064563745223E+01, 1.019546358746517E+01
1994-Mar-10, -2.647461070333827E+09, -6.323237198768382E+09, 4.588764095915254E+09, -2.216591561183322E+00, -1.411645699825472E+01, 1.019263225490597E+01
1994-Apr-09, -2.653203920903647E+09, -6.359821665203968E+09, 4.615179762596590E+09, -2.214622722977951E+00, -1.411230491813665E+01, 1.018983132503918E+01
1994-May-09, -2.658941682540029E+09, -6.396395422274319E+09, 4.641588204341595E+09, -2.212659713731612E+00, -1.410819504476001E+01, 1.018705629290957E+01
1994-Jun-08, -2.664674311983050E+09, -6.432958530654573E+09, 4.667989481942566E+09, -2.210668501318417E+00, -1.410406822313274E+01, 1.018430492106310E+01
1994-Jul-08, -2.670401838152413E+09, -6.469510867902550E+09, 4.694383667760004E+09, -2.208733259668400E+00, -1.409988984422727E+01, 1.018158442794115E+01
1994-Aug-07, -2.676124478643619E+09, -6.506052360218605E+09, 4.720770842231589E+09, -2.206899300447594E+00, -1.409571459739325E+01, 1.017889402409435E+01
1994-Sep-06, -2.681842463051163E+09, -6.542583069426689E+09, 4.747151078854768E+09, -2.205143923552981E+00, -1.409156516631262E+01, 1.017623245713975E+01
1994-Oct-06, -2.687556033206645E+09, -6.579103094849970E+09, 4.773524458635763E+09, -2.203488609155623E+00, -1.408748318239230E+01, 1.017360254099810E+01
1994-Nov-05, -2.693265392502246E+09, -6.615612691120793E+09, 4.799891056885092E+09, -2.201877787950660E+00, -1.408352563958603E+01, 1.017099800401183E+01
1994-Dec-05, -2.698970518641554E+09, -6.652112147590773E+09, 4.826250931104422E+09, -2.200220692202874E+00, -1.407964011967287E+01, 1.016841546922757E+01
1995-Jan-04, -2.704671310002671E+09, -6.688601561872566E+09, 4.852604144200188E+09, -2.198533997466003E+00, -1.407577173416088E+01, 1.016585801865993E+01
1995-Feb-03, -2.710367709409420E+09, -6.725080944869557E+09, 4.878950759275229E+09, -2.196830046716991E+00, -1.407189870184059E+01, 1.016332346347125E+01
1995-Mar-05, -2.716059676228179E+09, -6.761550217998619E+09, 4.905290835449615E+09, -2.195131636669010E+00, -1.406796035674181E+01, 1.016081457202415E+01
1995-Apr-04, -2.721747355666633E+09, -6.798009218649194E+09, 4.931624448272135E+09, -2.193529089647263E+00, -1.406398367718569E+01, 1.015833609859028E+01
1995-May-04, -2.727431025373635E+09, -6.834457948953578E+09, 4.957951672428779E+09, -2.192026931276516E+00, -1.406004844042253E+01, 1.015588341990081E+01
1995-Jun-03, -2.733110870599457E+09, -6.870896535362356E+09, 4.984272569705862E+09, -2.190582320020497E+00, -1.405615286184534E+01, 1.015345535950286E+01
1995-Jul-03, -2.738787052488742E+09, -6.907325102188171E+09, 5.010587205889809E+09, -2.189194260294253E+00, -1.405232092649856E+01, 1.015105160471744E+01
1995-Aug-02, -2.744459663510039E+09, -6.943743838145849E+09, 5.036895636961592E+09, -2.187811858302428E+00, -1.404856419342286E+01, 1.014866604064121E+01
1995-Sep-01, -2.750128655626783E+09, -6.980152841689721E+09, 5.063197909275862E+09, -2.186415596790531E+00, -1.404479884303107E+01, 1.014630128248435E+01
1995-Oct-01, -2.755794085813431E+09, -7.016552061376454E+09, 5.089494084410603E+09, -2.185070872487574E+00, -1.404101828285117E+01, 1.014396160466363E+01
1995-Oct-31, -2.761456124235200E+09, -7.052941511450105E+09, 5.115784225770251E+09, -2.183790541062593E+00, -1.403726580581660E+01, 1.014164466893646E+01
1995-Nov-30, -2.767114915440527E+09, -7.089321253132815E+09, 5.142068393942802E+09, -2.182575911815309E+00, -1.403352974585885E+01, 1.013935395685087E+01
1995-Dec-30, -2.772770664011083E+09, -7.125691390224956E+09, 5.168346659106733E+09, -2.181437947690243E+00, -1.402986307638238E+01, 1.013708920347396E+01
1996-Jan-29, -2.778423499709851E+09, -7.162052164192598E+09, 5.194619079736055E+09, -2.180308155981070E+00, -1.402630144331088E+01, 1.013484277787503E+01
1996-Feb-28, -2.784073356996438E+09, -7.198403755383592E+09, 5.220885701839980E+09, -2.179147146289209E+00, -1.402276859615281E+01, 1.013261595127645E+01
1996-Mar-29, -2.789720189078147E+09, -7.234746196930927E+09, 5.247146577787300E+09, -2.177977404663532E+00, -1.401923718310993E+01, 1.013040883731458E+01
1996-Apr-28, -2.795363987199410E+09, -7.271079476135432E+09, 5.273401754640392E+09, -2.176802314395752E+00, -1.401568990031621E+01, 1.012821814053915E+01
1996-May-28, -2.801004786802656E+09, -7.307403467487556E+09, 5.299651281842876E+09, -2.175684486326848E+00, -1.401207424805841E+01, 1.012605094772291E+01
1996-Jun-27, -2.806642845159461E+09, -7.343718063201691E+09, 5.325895224705076E+09, -2.174692612947644E+00, -1.400845383595065E+01, 1.012390901741710E+01
1996-Jul-27, -2.812278475126583E+09, -7.380023365268102E+09, 5.352133642205184E+09, -2.173796486177241E+00, -1.400490546815683E+01, 1.012178677134566E+01
1996-Aug-26, -2.817911878227452E+09, -7.416319550444374E+09, 5.378366587455947E+09, -2.172977024392846E+00, -1.400142660165827E+01, 1.011968689154530E+01
1996-Sep-25, -2.823543227283580E+09, -7.452606853949012E+09, 5.404594115727884E+09, -2.172203392228984E+00, -1.399805611515337E+01, 1.011760620438405E+01
1996-Oct-25, -2.829172541653847E+09, -7.488885566455965E+09, 5.430816267517579E+09, -2.171391662137415E+00, -1.399478106998464E+01, 1.011553806181889E+01
1996-Nov-24, -2.834799702861285E+09, -7.525155798259357E+09, 5.457033081696862E+09, -2.170553439251240E+00, -1.399150807753013E+01, 1.011348850091210E+01
1996-Dec-24, -2.840424708740347E+09, -7.561417537182935E+09, 5.483244609535054E+09, -2.169736089587686E+00, -1.398823058935073E+01, 1.011145909251100E+01
1997-Jan-23, -2.846047625369788E+09, -7.597670796311077E+09, 5.509450899585230E+09, -2.168939277032018E+00, -1.398495663291282E+01, 1.010944738951747E+01
1997-Feb-22, -2.851668559904749E+09, -7.633915545010460E+09, 5.535652006048442E+09, -2.168216618495624E+00, -1.398167515698787E+01, 1.010745961268518E+01
1997-Mar-24, -2.857287735633670E+09, -7.670151849855649E+09, 5.561847988743124E+09, -2.167578943816493E+00, -1.397845328082879E+01, 1.010549288117620E+01
1997-Apr-23, -2.862905289814885E+09, -7.706379924141340E+09, 5.588038891720971E+09, -2.166953326227889E+00, -1.397531259422763E+01, 1.010354004614470E+01
1997-May-23, -2.868521236676772E+09, -7.742599903554205E+09, 5.614224755540693E+09, -2.166340881933660E+00, -1.397220891249513E+01, 1.010160445709736E+01
1997-Jun-22, -2.874135613469302E+09, -7.778811883620082E+09, 5.640405622441527E+09, -2.165741858485900E+00, -1.396914129751738E+01, 1.009968378370417E+01
1997-Jul-22, -2.879748423614179E+09, -7.815015934823895E+09, 5.666581525971849E+09, -2.165134863847981E+00, -1.396607425535532E+01, 1.009777588844466E+01
1997-Aug-21, -2.885359739829569E+09, -7.851211991427008E+09, 5.692752511097548E+09, -2.164601151475560E+00, -1.396298263700735E+01, 1.009588905730069E+01
1997-Sep-20, -2.890969814248307E+09, -7.887400075042755E+09, 5.718918632989335E+09, -2.164176237003402E+00, -1.395993850918055E+01, 1.009402258810473E+01
1997-Oct-20, -2.896578866721933E+09, -7.923580386728780E+09, 5.745079937471388E+09, -2.163806925403411E+00, -1.395697937900510E+01, 1.009217268925540E+01
1997-Nov-19, -2.902187039104198E+09, -7.959753143403542E+09, 5.771236473221093E+09, -2.163491761081930E+00, -1.395411799094017E+01, 1.009034234897694E+01
1997-Dec-19, -2.907794412260386E+09, -7.995918643965232E+09, 5.797388284880617E+09, -2.163177210566817E+00, -1.395138418235878E+01, 1.008852608777629E+01
1998-Jan-18, -2.913400866811700E+09, -8.032077170575262E+09, 5.823535400305850E+09, -2.162781268305742E+00, -1.394871302992555E+01, 1.008671989717774E+01
1998-Feb-17, -2.919006241652253E+09, -8.068228764539905E+09, 5.849677854301743E+09, -2.162351699079199E+00, -1.394603167887478E+01, 1.008492935740864E+01
1998-Mar-19, -2.924610513385930E+09, -8.104373386296771E+09, 5.875815687672915E+09, -2.161934136292218E+00, -1.394333863540593E+01, 1.008315387756042E+01
1998-Apr-18, -2.930213724115292E+09, -8.140510999283746E+09, 5.901948937388113E+09, -2.161545346752176E+00, -1.394061569678730E+01, 1.008139431165097E+01
1998-May-18, -2.935816055483809E+09, -8.176641547416140E+09, 5.928077653764115E+09, -2.161259390947814E+00, -1.393790182847035E+01, 1.007965553793107E+01
1998-Jun-17, -2.941417776624960E+09, -8.212765165490028E+09, 5.954201885906440E+09, -2.161062333900363E+00, -1.393528292284602E+01, 1.007793256231699E+01
1998-Jul-17, -2.947019007899765E+09, -8.248882125562996E+09, 5.980321666936295E+09, -2.160879956735596E+00, -1.393275459606865E+01, 1.007622212704585E+01
1998-Aug-16, -2.952619787352100E+09, -8.284992641123218E+09, 6.006437033285630E+09, -2.160708388649711E+00, -1.393031129172295E+01, 1.007452559521954E+01
1998-Sep-15, -2.958220105542192E+09, -8.321096933892041E+09, 6.032548016301103E+09, -2.160513687797290E+00, -1.392795182279651E+01, 1.007283870178118E+01
1998-Oct-15, -2.963819849734197E+09, -8.357195140059941E+09, 6.058654639630085E+09, -2.160278695587901E+00, -1.392560014801899E+01, 1.007116368653599E+01
1998-Nov-14, -2.969419019482727E+09, -8.393287249977224E+09, 6.084756944028887E+09, -2.160077171169610E+00, -1.392325409079322E+01, 1.006950630100371E+01
1998-Dec-14, -2.975017734359334E+09, -8.429373346086968E+09, 6.110854973625734E+09, -2.159918752824626E+00, -1.392096947669114E+01, 1.006786396749365E+01
1999-Jan-13, -2.980616050379376E+09, -8.465453590416702E+09, 6.136948765152959E+09, -2.159776255514926E+00, -1.391873553811297E+01, 1.006623750180525E+01
1999-Feb-12, -2.986214035005386E+09, -8.501528143257331E+09, 6.163038362576094E+09, -2.159657656604584E+00, -1.391658333967347E+01, 1.006462702427210E+01
1999-Mar-14, -2.991811692652060E+09, -8.537597255469985E+09, 6.189123799290200E+09, -2.159506321766965E+00, -1.391453543012963E+01, 1.006302539425901E+01
1999-Apr-13, -2.997408854412455E+09, -8.573661103008012E+09, 6.215205095240740E+09, -2.159285261268749E+00, -1.391250719571116E+01, 1.006143341963468E+01
1999-May-13, -3.003005408617072E+09, -8.609719684264025E+09, 6.241282280603211E+09, -2.159044230386887E+00, -1.391046980614533E+01, 1.005985369953270E+01
1999-Jun-12, -3.008601346990434E+09, -8.645772985753134E+09, 6.267355385357210E+09, -2.158806540716283E+00, -1.390843327850189E+01, 1.005828412477310E+01
1999-Jul-12, -3.014196702116547E+09, -8.681820971019262E+09, 6.293424439962940E+09, -2.158612053972712E+00, -1.390637098195316E+01, 1.005673021341809E+01
1999-Aug-11, -3.019791672856728E+09, -8.717863651849253E+09, 6.319489489822157E+09, -2.158510573905569E+00, -1.390435404241341E+01, 1.005519367155017E+01
1999-Sep-10, -3.025386461453604E+09, -8.753901259043276E+09, 6.345550572909645E+09, -2.158452047926415E+00, -1.390246036270515E+01, 1.005366806828327E+01
1999-Oct-10, -3.030981084426427E+09, -8.789934085023575E+09, 6.371607716462984E+09, -2.158384591885205E+00, -1.390066411872939E+01, 1.005215460486766E+01
1999-Nov-09, -3.036575494703846E+09, -8.825962391285448E+09, 6.397660951346180E+09, -2.158281162266487E+00, -1.389897109202166E+01, 1.005065157091728E+01
1999-Dec-09, -3.042169529450318E+09, -8.861986427163235E+09, 6.423710297654189E+09, -2.158081448597247E+00, -1.389735404195146E+01, 1.004915357501614E+01
2000-Jan-08, -3.047762930192512E+09, -8.898006246060747E+09, 6.449755774237339E+09, -2.157809284402591E+00, -1.389571100624726E+01, 1.004766706885347E+01
2000-Feb-07, -3.053355611186808E+09, -8.934021771524149E+09, 6.475797416178360E+09, -2.157535502603758E+00, -1.389404603521227E+01, 1.004619483136153E+01
2000-Mar-08, -3.058947595698664E+09, -8.970033003508419E+09, 6.501835256542416E+09, -2.157265494945958E+00, -1.389239610217930E+01, 1.004473339839976E+01
2000-Apr-07, -3.064538909533285E+09, -9.006039956009016E+09, 6.527869328198715E+09, -2.157027595832389E+00, -1.389075344323779E+01, 1.004328732320250E+01
2000-May-07, -3.070129656741130E+09, -9.042042727691849E+09, 6.553899669091135E+09, -2.156823758686522E+00, -1.388917941522313E+01, 1.004185386994000E+01
2000-Jun-06, -3.075719840894448E+09, -9.078041549539404E+09, 6.579926301646687E+09, -2.156576920568792E+00, -1.388769418207704E+01, 1.004042542958673E+01
2000-Jul-06, -3.081309314099694E+09, -9.114036550581411E+09, 6.605949242922932E+09, -2.156281883653432E+00, -1.388622930159692E+01, 1.003900607539315E+01
2000-Aug-05, -3.086897983001359E+09, -9.150027770430492E+09, 6.631968517095345E+09, -2.155960496994384E+00, -1.388477719692268E+01, 1.003759572068489E+01
2000-Sep-04, -3.092485774574091E+09, -9.186015244402521E+09, 6.657984143682182E+09, -2.155603839517581E+00, -1.388332731555071E+01, 1.003619225386304E+01
2000-Oct-04, -3.098072664603895E+09, -9.221998922751347E+09, 6.683996151189902E+09, -2.155276781453237E+00, -1.388185963628831E+01, 1.003480373735955E+01
2000-Nov-03, -3.103658776115775E+09, -9.257978850730337E+09, 6.710004578747165E+09, -2.155000958943088E+00, -1.388044785863240E+01, 1.003342922467367E+01
2000-Dec-03, -3.109244161044289E+09, -9.293955251009245E+09, 6.736009453940893E+09, -2.154703283960708E+00, -1.387912866842691E+01, 1.003206284119655E+01
2001-Jan-02, -3.114828730303316E+09, -9.329928312628239E+09, 6.762010802483492E+09, -2.154369059925256E+00, -1.387787545917845E+01, 1.003070763635383E+01
2001-Feb-01, -3.120412351134390E+09, -9.365898212877993E+09, 6.788008648768557E+09, -2.153965006943858E+00, -1.387668853229956E+01, 1.002935946878243E+01
2001-Mar-03, -3.125994764817266E+09, -9.401865069532185E+09, 6.814003003226210E+09, -2.153436994433649E+00, -1.387550302054650E+01, 1.002801431393904E+01
2001-Apr-02, -3.131575729167599E+09, -9.437828757786779E+09, 6.839993884256525E+09, -2.152860538003054E+00, -1.387424481844941E+01, 1.002667971971546E+01
2001-May-02, -3.137155212493885E+09, -9.473789111513596E+09, 6.865981320929132E+09, -2.152301200593530E+00, -1.387294092666700E+01, 1.002535611570597E+01
2001-Jun-01, -3.142733262813902E+09, -9.509746061043173E+09, 6.891965337635950E+09, -2.151759018002332E+00, -1.387161234311021E+01, 1.002404204633519E+01
2001-Jul-01, -3.148309991534362E+09, -9.545699560990276E+09, 6.917945967298515E+09, -2.151282600207251E+00, -1.387029417713750E+01, 1.002274218369337E+01
2001-Jul-31, -3.153885549074780E+09, -9.581649740448647E+09, 6.943923241600881E+09, -2.150843447129696E+00, -1.386906292671189E+01, 1.002145148861902E+01
2001-Aug-30, -3.159459905517821E+09, -9.617596843933266E+09, 6.969897174808270E+09, -2.150349715330179E+00, -1.386790497009865E+01, 1.002016511612833E+01
2001-Sep-29, -3.165032918288496E+09, -9.653540991167582E+09, 6.995867784149942E+09, -2.149804896312515E+00, -1.386678060433176E+01, 1.001888645970900E+01
2001-Oct-29, -3.170604447831513E+09, -9.689482253196793E+09, 7.021835087463823E+09, -2.149201431266298E+00, -1.386567913312116E+01, 1.001761329532805E+01
2001-Nov-28, -3.176174309336902E+09, -9.725420632722628E+09, 7.047799097060106E+09, -2.148528976368877E+00, -1.386454105349196E+01, 1.001634697790836E+01
2001-Dec-28, -3.181742432207757E+09, -9.761356002249126E+09, 7.073759841786180E+09, -2.147866612357174E+00, -1.386336517035662E+01, 1.001509407275962E+01
2002-Jan-27, -3.187308874608047E+09, -9.797288339326897E+09, 7.099717354278124E+09, -2.147224701281546E+00, -1.386221334606236E+01, 1.001385155526910E+01
2002-Feb-26, -3.192873617428382E+09, -9.833217722840935E+09, 7.125671655682118E+09, -2.146558323108319E+00, -1.386107802660825E+01, 1.001261757458476E+01
2002-Mar-28, -3.198436622193189E+09, -9.869144193295078E+09, 7.151622771884362E+09, -2.145879211809991E+00, -1.385996960176375E+01, 1.001139308347153E+01
2002-Apr-27, -3.203997815959080E+09, -9.905067843319080E+09, 7.177570720760424E+09, -2.145147958989658E+00, -1.385890152308781E+01, 1.001017206694650E+01
2002-May-27, -3.209556992018880E+09, -9.940988693837269E+09, 7.203515507577808E+09, -2.144333888144761E+00, -1.385779247060081E+01, 1.000895501125689E+01
2002-Jun-26, -3.215114033455114E+09, -9.976906582930624E+09, 7.229457151151765E+09, -2.143509746544636E+00, -1.385661817180999E+01, 1.000774690131799E+01
2002-Jul-26, -3.220668974219798E+09, -1.001282138139075E+10, 7.255395674306237E+09, -2.142709655800770E+00, -1.385541563656413E+01, 1.000654635771939E+01
2002-Aug-25, -3.226221869602581E+09, -1.004873301960327E+10, 7.281331097424219E+09, -2.141944263941273E+00, -1.385418056389568E+01, 1.000535655582835E+01
2002-Sep-24, -3.231772870683599E+09, -1.008464148251030E+10, 7.307263453405762E+09, -2.141244541735229E+00, -1.385297788260128E+01, 1.000417919132445E+01
2002-Oct-24, -3.237322090923845E+09, -1.012054694936750E+10, 7.333192767267412E+09, -2.140549039000606E+00, -1.385187334748334E+01, 1.000300752827904E+01
2002-Nov-23, -3.242869419884397E+09, -1.015644962642052E+10, 7.359119050025557E+09, -2.139787512028918E+00, -1.385081537573846E+01, 1.000184147663893E+01
2002-Dec-23, -3.248414686016365E+09, -1.019234959358315E+10, 7.385042318513916E+09, -2.138954878366387E+00, -1.384977671861060E+01, 1.000068140312353E+01
2003-Jan-22, -3.253957685774824E+09, -1.022824686602924E+10, 7.410962584059856E+09, -2.138030893323875E+00, -1.384872598953186E+01, 9.999523638379738E+00
2003-Feb-21, -3.259498195546692E+09, -1.026414129363796E+10, 7.436879857171507E+09, -2.137054991087767E+00, -1.384757555174625E+01, 9.998374237016733E+00
2003-Mar-23, -3.265036209197093E+09, -1.030003263298955E+10, 7.462794166352879E+09, -2.136114029243733E+00, -1.384635190107189E+01, 9.997236655015485E+00
2003-Apr-22, -3.270571846765725E+09, -1.033592078530775E+10, 7.488705537879826E+09, -2.135211196311531E+00, -1.384512125674274E+01, 9.996106512439264E+00
2003-May-22, -3.276105178780446E+09, -1.037180572653790E+10, 7.514613992075367E+09, -2.134342908060593E+00, -1.384387989711522E+01, 9.994986363663864E+00
2003-Jun-21, -3.281636304687088E+09, -1.040768749190590E+10, 7.540519554000809E+09, -2.133503154054392E+00, -1.384267679445121E+01, 9.993874085696977E+00
2003-Jul-21, -3.287165220709644E+09, -1.044356621911735E+10, 7.566422235031149E+09, -2.132620399605826E+00, -1.384152561358364E+01, 9.992762565507508E+00
2003-Aug-20, -3.292691770754860E+09, -1.047944192872978E+10, 7.592322040530931E+09, -2.131689152893518E+00, -1.384034303509708E+01, 9.991656393512500E+00
2003-Sep-19, -3.298215892882273E+09, -1.051531452365493E+10, 7.618218988209080E+09, -2.130753785614957E+00, -1.383912418124412E+01, 9.990557591338838E+00
2003-Oct-19, -3.303737591878929E+09, -1.055118394166064E+10, 7.644113094416465E+09, -2.129814224542832E+00, -1.383788657362230E+01, 9.989463935407144E+00
2003-Nov-18, -3.309256886703762E+09, -1.058705009466098E+10, 7.670004380324437E+09, -2.128910011868230E+00, -1.383661449628225E+01, 9.988382170059472E+00
2003-Dec-18, -3.314773902124780E+09, -1.062291297736971E+10, 7.695892877041757E+09, -2.128051871790468E+00, -1.383537420283359E+01, 9.987311098947259E+00
2004-Jan-17, -3.320288674494111E+09, -1.065877273920935E+10, 7.721778602780756E+09, -2.127162396490300E+00, -1.383419666017590E+01, 9.986243559061693E+00
2004-Feb-16, -3.325801074233857E+09, -1.069462945692212E+10, 7.747661569848127E+09, -2.126223965030816E+00, -1.383302437311857E+01, 9.985182551036548E+00
2004-Mar-17, -3.331310974042877E+09, -1.073048312739517E+10, 7.773541792970659E+09, -2.125233529857776E+00, -1.383184276918436E+01, 9.984125784935536E+00
2004-Apr-16, -3.336818210360510E+09, -1.076633369044256E+10, 7.799419277074602E+09, -2.124168230500664E+00, -1.383060784167075E+01, 9.983069753668486E+00
2004-May-16, -3.342322674843760E+09, -1.080218090080157E+10, 7.825294034986136E+09, -2.123112167592500E+00, -1.382926165526288E+01, 9.982022936185576E+00
2004-Jun-15, -3.347824491486869E+09, -1.083802453173175E+10, 7.851166093065171E+09, -2.122131470569964E+00, -1.382786026180805E+01, 9.980986164152931E+00
2004-Jul-15, -3.353323839477898E+09, -1.087386453036669E+10, 7.877035471402014E+09, -2.121202310559625E+00, -1.382645530786150E+01, 9.979955718497504E+00
2004-Aug-14, -3.358820868112375E+09, -1.090970089243559E+10, 7.902902192873341E+09, -2.120341510136510E+00, -1.382506737446565E+01, 9.978935738286049E+00
2004-Sep-13, -3.364315718380088E+09, -1.094553374325295E+10, 7.928766279733644E+09, -2.119510666588944E+00, -1.382375462618197E+01, 9.977921589962326E+00
2004-Oct-13, -3.369808341732261E+09, -1.098136328377194E+10, 7.954627737238168E+09, -2.118613674720047E+00, -1.382249338351231E+01, 9.976907594462869E+00
2004-Nov-12, -3.375298570114671E+09, -1.101718953456916E+10, 7.980486573614225E+09, -2.117666587102191E+00, -1.382121378885610E+01, 9.975899182275166E+00
2004-Dec-12, -3.380786304124577E+09, -1.105301242718684E+10, 8.006342803640926E+09, -2.116691666164937E+00, -1.381990449433847E+01, 9.974896033366157E+00
2005-Jan-11, -3.386271462004709E+09, -1.108883186350996E+10, 8.032196438242294E+09, -2.115686357523427E+00, -1.381853328495050E+01, 9.973898103953104E+00
2005-Feb-10, -3.391754065892878E+09, -1.112464765314875E+10, 8.058047501792691E+09, -2.114728153433016E+00, -1.381710205462047E+01, 9.972912050108320E+00
2005-Mar-12, -3.397234267070006E+09, -1.116045972771891E+10, 8.083896022159830E+09, -2.113826353627696E+00, -1.381568055510227E+01, 9.971934379044484E+00
2005-Apr-11, -3.402712127022311E+09, -1.119626814828637E+10, 8.109742012566104E+09, -2.112919455648845E+00, -1.381427147475166E+01, 9.970960834958905E+00
2005-May-11, -3.408187647212197E+09, -1.123207291634409E+10, 8.135585488457300E+09, -2.112018010301414E+00, -1.381286544456174E+01, 9.969993530534190E+00
2005-Jun-10, -3.413660817578589E+09, -1.126787405121029E+10, 8.161426461080280E+09, -2.111098700171730E+00, -1.381146929789615E+01, 9.969028048175902E+00
2005-Jul-10, -3.419131536151659E+09, -1.130367151620422E+10, 8.187264931213387E+09, -2.110136648421344E+00, -1.381001601676155E+01, 9.968064486475830E+00
2005-Aug-09, -3.424599802224769E+09, -1.133946511187113E+10, 8.213100914868757E+09, -2.109215700305668E+00, -1.380849014814681E+01, 9.967109655441796E+00
2005-Sep-08, -3.430065780340957E+09, -1.137525471902946E+10, 8.238934434661514E+09, -2.108367302872079E+00, -1.380695206543034E+01, 9.966162285695551E+00
2005-Oct-08, -3.435529614329819E+09, -1.141104034275674E+10, 8.264765507051978E+09, -2.107566762042644E+00, -1.380541366053148E+01, 9.965222704696748E+00
2005-Nov-07, -3.440991458572331E+09, -1.144682202435968E+10, 8.290594157406221E+09, -2.106825558721296E+00, -1.380392002235171E+01, 9.964292731760692E+00
2005-Dec-07, -3.446451399668668E+09, -1.148259994474949E+10, 8.316420403542184E+09, -2.106078855280133E+00, -1.380251473326109E+01, 9.963365800724640E+00
2006-Jan-06, -3.451909297827756E+09, -1.151837426486538E+10, 8.342244247697297E+09, -2.105252844311031E+00, -1.380112411447700E+01, 9.962440756773525E+00
2006-Feb-05, -3.457364984662972E+09, -1.155414494198226E+10, 8.368065700294276E+09, -2.104375864115368E+00, -1.379969787888481E+01, 9.961520378517466E+00
2006-Mar-07, -3.462818360859457E+09, -1.158991185657407E+10, 8.393884771737156E+09, -2.103467751064668E+00, -1.379821873285097E+01, 9.960602607243853E+00
2006-Apr-06, -3.468269368683372E+09, -1.162567480476616E+10, 8.419701471181847E+09, -2.102568928063420E+00, -1.379663273440479E+01, 9.959692097924171E+00
2006-May-06, -3.473718158167333E+09, -1.166143354996570E+10, 8.445515824980841E+09, -2.101761873616591E+00, -1.379498814819514E+01, 9.958792491277865E+00
2006-Jun-05, -3.479164977424510E+09, -1.169718805200658E+10, 8.471327856369852E+09, -2.101034509485620E+00, -1.379336834744943E+01, 9.957898608859823E+00
2006-Jul-05, -3.484609957180224E+09, -1.173293837843849E+10, 8.497137577516949E+09, -2.100347153731706E+00, -1.379176564855259E+01, 9.957010890615768E+00
2006-Aug-04, -3.490053201235152E+09, -1.176868460333266E+10, 8.522945005193874E+09, -2.099688862734154E+00, -1.379020593887664E+01, 9.956128336773112E+00
2006-Sep-03, -3.495494721707507E+09, -1.180442685401088E+10, 8.548750145754592E+09, -2.099001533502076E+00, -1.378869133174636E+01, 9.955245067547136E+00
2006-Oct-03, -3.500934399241981E+09, -1.184016513309897E+10, 8.574552999936485E+09, -2.098281921347533E+00, -1.378713290684433E+01, 9.954365818005307E+00
2006-Nov-02, -3.506372239835001E+09, -1.187589931253823E+10, 8.600353584822552E+09, -2.097591569753981E+00, -1.378553181754953E+01, 9.953494283467165E+00
2006-Dec-02, -3.511808344140033E+09, -1.191162933608270E+10, 8.626151918113268E+09, -2.096933581920273E+00, -1.378392702384965E+01, 9.952627865257194E+00
2007-Jan-01, -3.517242787306633E+09, -1.194735516719823E+10, 8.651948017052427E+09, -2.096320280856862E+00, -1.378230236760304E+01, 9.951771200450464E+00
2007-Jan-31, -3.522675713152708E+09, -1.198307681935867E+10, 8.677741907424593E+09, -2.095758687115634E+00, -1.378071019888630E+01, 9.950923030028985E+00
2007-Mar-02, -3.528107183369534E+09, -1.201879442992838E+10, 8.703533601818760E+09, -2.095179025396667E+00, -1.377917550503614E+01, 9.950075735962098E+00
2007-Apr-01, -3.533537094894782E+09, -1.205450804600599E+10, 8.729323104023767E+09, -2.094564105754522E+00, -1.377762297060759E+01, 9.949232177219500E+00
2007-May-01, -3.538965393995390E+09, -1.209021759490958E+10, 8.755110424584782E+09, -2.093939577012845E+00, -1.377603505341306E+01, 9.948392234288022E+00
2007-May-31, -3.544392065728967E+09, -1.212592297787844E+10, 8.780895568873781E+09, -2.093306421543771E+00, -1.377439757050362E+01, 9.947553137188290E+00
2007-Jun-30, -3.549817155379286E+09, -1.216162399328736E+10, 8.806678548548714E+09, -2.092736818949812E+00, -1.377267345511828E+01, 9.946723012137275E+00
2007-Jul-30, -3.555240915509628E+09, -1.219732050410504E+10, 8.832459389621687E+09, -2.092283716364065E+00, -1.377093700922264E+01, 9.945902610719862E+00
2007-Aug-29, -3.560663607819821E+09, -1.223301258773148E+10, 8.858238109957634E+09, -2.091899375117597E+00, -1.376925534307122E+01, 9.945086372019540E+00
2007-Sep-28, -3.566085373191092E+09, -1.226870036809676E+10, 8.884014724396202E+09, -2.091567986383323E+00, -1.376762488158595E+01, 9.944277605097543E+00
2007-Oct-28, -3.571506307818281E+09, -1.230438402487918E+10, 8.909789248549164E+09, -2.091249500587617E+00, -1.376607649060592E+01, 9.943472605204713E+00
2007-Nov-27, -3.576926338612236E+09, -1.234006375698997E+10, 8.935561683269634E+09, -2.090859910887868E+00, -1.376457530503541E+01, 9.942665742268897E+00
2007-Dec-27, -3.582345296140804E+09, -1.237573954494383E+10, 8.961332032549320E+09, -2.090432405682042E+00, -1.376303038129809E+01, 9.941864015082746E+00
2008-Jan-26, -3.587763153982078E+09, -1.241141126339091E+10, 8.987100312123825E+09, -2.090019114203986E+00, -1.376144004974112E+01, 9.941068552787218E+00
2008-Feb-25, -3.593179959899489E+09, -1.244707881723124E+10, 9.012866534520332E+09, -2.089623122996044E+00, -1.375980766818437E+01, 9.940277596879476E+00
2008-Mar-26, -3.598595834673382E+09, -1.248274207669193E+10, 9.038630720619427E+09, -2.089307760770478E+00, -1.375813990168559E+01, 9.939497190324344E+00
2008-Apr-25, -3.604011005534334E+09, -1.251840104604371E+10, 9.064392894313160E+09, -2.089074189744385E+00, -1.375651085685918E+01, 9.938723576269108E+00
2008-May-25, -3.609425587285854E+09, -1.255405587288246E+10, 9.090153063095119E+09, -2.088844939754849E+00, -1.375493014478100E+01, 9.937950714606004E+00
2008-Jun-24, -3.614839589365298E+09, -1.258970661794400E+10, 9.115911234540365E+09, -2.088626837177392E+00, -1.375336302548662E+01, 9.937182083695893E+00
2008-Jul-24, -3.620253037641300E+09, -1.262535331630310E+10, 9.141667417018269E+09, -2.088415760270301E+00, -1.375180961676807E+01, 9.936415237437453E+00
2008-Aug-23, -3.625665915327960E+09, -1.266099596907536E+10, 9.167421611407658E+09, -2.088193865332272E+00, -1.375022526635014E+01, 9.935649759505218E+00
2008-Sep-22, -3.631078298987571E+09, -1.269663445126266E+10, 9.193173833400612E+09, -2.088043476744106E+00, -1.374860202952475E+01, 9.934893482425174E+00
2008-Oct-22, -3.636490418619310E+09, -1.273226875058541E+10, 9.218924106451485E+09, -2.087985477681967E+00, -1.374701355782783E+01, 9.934144848048573E+00
2008-Nov-21, -3.641902437596120E+09, -1.276789901143900E+10, 9.244672444201437E+09, -2.087963760095699E+00, -1.374547857604811E+01, 9.933401306852650E+00
2008-Dec-21, -3.647314454645814E+09, -1.280352537243968E+10, 9.270418865087582E+09, -2.087977389073397E+00, -1.374401075045001E+01, 9.932665044240753E+00
2009-Jan-20, -3.652726501810352E+09, -1.283914803836279E+10, 9.296163381529222E+09, -2.087972873865905E+00, -1.374262880512673E+01, 9.931930217750558E+00
2009-Feb-19, -3.658138427853348E+09, -1.287476715678630E+10, 9.321905990702345E+09, -2.087889205332226E+00, -1.374125122220344E+01, 9.931194941143037E+00
2009-Mar-21, -3.663550104892643E+09, -1.291038264115659E+10, 9.347646700103477E+09, -2.087789324789322E+00, -1.373982266226658E+01, 9.930464434311290E+00
2009-Apr-20, -3.668961560174587E+09, -1.294599436425604E+10, 9.373385522157951E+09, -2.087719515064722E+00, -1.373835555658696E+01, 9.929737801753433E+00
2009-May-20, -3.674372883218761E+09, -1.298160222135571E+10, 9.399122466532402E+09, -2.087702089396116E+00, -1.373683602295105E+01, 9.929017447007347E+00
2009-Jun-19, -3.679784308178718E+09, -1.301720612796841E+10, 9.424857557090450E+09, -2.087799345669493E+00, -1.373532172093553E+01, 9.928306950057340E+00
2009-Jul-19, -3.685196114067217E+09, -1.305280621138079E+10, 9.450590813686840E+09, -2.087979580140048E+00, -1.373389767849561E+01, 9.927600593794100E+00
2009-Aug-18, -3.690608401305603E+09, -1.308840270739297E+10, 9.476322241277939E+09, -2.088171645408289E+00, -1.373254560846376E+01, 9.926896846908859E+00
2009-Sep-17, -3.696021197418127E+09, -1.312399578846984E+10, 9.502051849624514E+09, -2.088366802958700E+00, -1.373126183507475E+01, 9.926196385098828E+00
2009-Oct-17, -3.701434469806952E+09, -1.315958562560470E+10, 9.527779642596012E+09, -2.088527428399045E+00, -1.373003776231640E+01, 9.925495012595121E+00
2009-Nov-16, -3.706848091811275E+09, -1.319517227324750E+10, 9.553505619373692E+09, -2.088652796358811E+00, -1.372878981833857E+01, 9.924797021845272E+00
2009-Dec-16, -3.712262077560722E+09, -1.323075565728147E+10, 9.579229797366032E+09, -2.088814943351900E+00, -1.372752551658146E+01, 9.924107175374031E+00
2010-Jan-15, -3.717676548761729E+09, -1.326633580456435E+10, 9.604952195130896E+09, -2.089017020203112E+00, -1.372629826608573E+01, 9.923422233510829E+00
2010-Feb-14, -3.723091567411890E+09, -1.330191279747828E+10, 9.630672825159706E+09, -2.089246166428319E+00, -1.372509203195252E+01, 9.922744293892226E+00
2010-Mar-16, -3.728507229410725E+09, -1.333748673344768E+10, 9.656391706721546E+09, -2.089508750402405E+00, -1.372394492385524E+01, 9.922072385258851E+00
2010-Apr-15, -3.733923560515762E+09, -1.337305780609176E+10, 9.682108846831266E+09, -2.089744790148851E+00, -1.372287694558704E+01, 9.921399212903422E+00
2010-May-15, -3.739340429148698E+09, -1.340862611654747E+10, 9.707824242297634E+09, -2.089935209664746E+00, -1.372180451113895E+01, 9.920727470334690E+00
2010-Jun-14, -3.744757785412813E+09, -1.344419162201875E+10, 9.733537901065397E+09, -2.090128205542137E+00, -1.372071223310978E+01, 9.920059289676228E+00
2010-Jul-14, -3.750175669599975E+09, -1.347975429352028E+10, 9.759249830147663E+09, -2.090338289326947E+00, -1.371961529599693E+01, 9.919392511708043E+00
2010-Aug-13, -3.755594158570292E+09, -1.351531408102061E+10, 9.784960039717756E+09, -2.090610760909714E+00, -1.371849482335897E+01, 9.918733755750605E+00
2010-Sep-12, -3.761013478903205E+09, -1.355087101679265E+10, 9.810668553387920E+09, -2.090978557301164E+00, -1.371742875405185E+01, 9.918083491742385E+00
2010-Oct-12, -3.766433814564471E+09, -1.358642534723717E+10, 9.836375385029884E+09, -2.091374376210805E+00, -1.371648316391319E+01, 9.917434945814460E+00
2010-Nov-11, -3.771855155531585E+09, -1.362197733709740E+10, 9.862080540404640E+09, -2.091754906398968E+00, -1.371562346648795E+01, 9.916790428420132E+00
2010-Dec-11, -3.777277432355893E+09, -1.365752721114136E+10, 9.887784028208166E+09, -2.092090968258595E+00, -1.371484777515198E+01, 9.916147694748815E+00
2011-Jan-10, -3.782700462802320E+09, -1.369307515401853E+10, 9.913485846110344E+09, -2.092327308136062E+00, -1.371411402783844E+01, 9.915501922909261E+00
2011-Feb-09, -3.788124019203397E+09, -1.372862112939993E+10, 9.939185994841934E+09, -2.092514457268515E+00, -1.371332780641007E+01, 9.914860788111961E+00
2011-Mar-11, -3.793548078954249E+09, -1.376416501327089E+10, 9.964884490367229E+09, -2.092725214204091E+00, -1.371250832685761E+01, 9.914226227144496E+00
2011-Apr-10, -3.798972719576484E+09, -1.379970678664450E+10, 9.990581344933586E+09, -2.092958190336242E+00, -1.371169562654680E+01, 9.913594741290748E+00
2011-May-10, -3.804398028082078E+09, -1.383524645479093E+10, 1.001627657288558E+10, -2.093246526403754E+00, -1.371089658205050E+01, 9.912971136094406E+00
2011-Jun-09, -3.809824148004701E+09, -1.387078414219527E+10, 1.004197019123335E+10, -2.093577584322162E+00, -1.371017755615481E+01, 9.912351731074372E+00
2011-Jul-09, -3.815251085908525E+09, -1.390632009738485E+10, 1.006766220041895E+10, -2.093864403457643E+00, -1.370954490324777E+01, 9.911729582526466E+00
2011-Aug-08, -3.820678710089863E+09, -1.394185444371977E+10, 1.009335259943458E+10, -2.094111590695600E+00, -1.370893548422011E+01, 9.911109459884665E+00
2011-Sep-07, -3.826106942056886E+09, -1.397738723173167E+10, 1.011904139360947E+10, -2.094336295276209E+00, -1.370834474165112E+01, 9.910490962308389E+00
2011-Oct-07, -3.831535707869858E+09, -1.401291850518296E+10, 1.014472858368219E+10, -2.094525770018919E+00, -1.370775378282715E+01, 9.909872937180284E+00
2011-Nov-06, -3.836964995789871E+09, -1.404844822104936E+10, 1.017041418237588E+10, -2.094747309632967E+00, -1.370715479525323E+01, 9.909263211040422E+00
2011-Dec-06, -3.842394916710959E+09, -1.408397644846536E+10, 1.019609821012461E+10, -2.095009135178389E+00, -1.370661941166815E+01, 9.908659756220306E+00
2012-Jan-05, -3.847825481238849E+09, -1.411950340548881E+10, 1.022178067451313E+10, -2.095235616857968E+00, -1.370616282746706E+01, 9.908057518935038E+00
2012-Feb-04, -3.853256586498282E+09, -1.415502924675393E+10, 1.024746158378515E+10, -2.095422831957219E+00, -1.370576121865023E+01, 9.907459214060779E+00
2012-Mar-05, -3.858688096581593E+09, -1.419055411569999E+10, 1.027314094303191E+10, -2.095541030448203E+00, -1.370541223012855E+01, 9.906860307538004E+00
2012-Apr-04, -3.864119764201872E+09, -1.422607808241537E+10, 1.029881874428174E+10, -2.095549995489381E+00, -1.370504238989034E+01, 9.906258558129968E+00
2012-May-04, -3.869551408669209E+09, -1.426160099467486E+10, 1.032449499122615E+10, -2.095535316250257E+00, -1.370460171427150E+01, 9.905661236440038E+00
2012-Jun-03, -3.874983052627420E+09, -1.429712270988785E+10, 1.035016969632534E+10, -2.095552413099563E+00, -1.370413140704470E+01, 9.905068063715969E+00
2012-Jul-03, -3.880414766149323E+09, -1.433264319490549E+10, 1.037584286700844E+10, -2.095595544790885E+00, -1.370364826561404E+01, 9.904478744447193E+00
2012-Aug-02, -3.885846677012493E+09, -1.436816245486828E+10, 1.040151452050357E+10, -2.095702339321566E+00, -1.370319997220109E+01, 9.903896793023304E+00
2012-Sep-01, -3.891278909271255E+09, -1.440368067606765E+10, 1.042718466986893E+10, -2.095827364654370E+00, -1.370285711962693E+01, 9.903316406926617E+00
2012-Oct-01, -3.896711376285155E+09, -1.443919812064308E+10, 1.045285331130743E+10, -2.095881278236162E+00, -1.370258492648620E+01, 9.902734499906094E+00
2012-Oct-31, -3.902143899834490E+09, -1.447471490643848E+10, 1.047852044651666E+10, -2.095869013505236E+00, -1.370234543129405E+01, 9.902153928879372E+00
2012-Nov-30, -3.907576302561856E+09, -1.451023109460262E+10, 1.050418607679412E+10, -2.095782551237107E+00, -1.370212210464837E+01, 9.901572348687946E+00
2012-Dec-30, -3.913008371569603E+09, -1.454574665145504E+10, 1.052985019971144E+10, -2.095627160455439E+00, -1.370184581490202E+01, 9.900992929259612E+00
2013-Jan-29, -3.918440044501589E+09, -1.458126142844758E+10, 1.055551283056770E+10, -2.095483421473070E+00, -1.370152876576858E+01, 9.900420983399911E+00
2013-Feb-28, -3.923871378905406E+09, -1.461677540043432E+10, 1.058117398549751E+10, -2.095355775283310E+00, -1.370123485161393E+01, 9.899852591850566E+00
2013-Mar-30, -3.929302350579598E+09, -1.465228862984545E+10, 1.060683366963385E+10, -2.095209405672261E+00, -1.370095114960016E+01, 9.899287293090014E+00
2013-Apr-29, -3.934732933898998E+09, -1.468780115961119E+10, 1.063249189327978E+10, -2.095051283221660E+00, -1.370069845334215E+01, 9.898724963761854E+00
2013-May-29, -3.940163050990742E+09, -1.472331309371726E+10, 1.065814865703870E+10, -2.094834808394779E+00, -1.370048817165291E+01, 9.898159394440006E+00
2013-Jun-28, -3.945592491204154E+09, -1.475882444339012E+10, 1.068380395165111E+10, -2.094543062426517E+00, -1.370023475292353E+01, 9.897593131229627E+00
2013-Jul-28, -3.951021155567975E+09, -1.479433506336474E+10, 1.070945778282110E+10, -2.094244636672935E+00, -1.369992767064899E+01, 9.897030421281936E+00
2013-Aug-27, -3.956449073351521E+09, -1.482984486371447E+10, 1.073511015865214E+10, -2.093960851065653E+00, -1.369960736695040E+01, 9.896469396961802E+00
2013-Sep-26, -3.961876275771185E+09, -1.486535380234984E+10, 1.076076108631258E+10, -2.093704867937379E+00, -1.369926721306860E+01, 9.895914405670666E+00
2013-Oct-26, -3.967302877338530E+09, -1.490086190567911E+10, 1.078641058445157E+10, -2.093492428863974E+00, -1.369897363992946E+01, 9.895365793578025E+00
2013-Nov-25, -3.972728916734091E+09, -1.493636937587805E+10, 1.081205866135307E+10, -2.093249068026802E+00, -1.369877695354889E+01, 9.894816335875625E+00
2013-Dec-25, -3.978154209726279E+09, -1.497187638536888E+10, 1.083770531370057E+10, -2.092920512086144E+00, -1.369861008892123E+01, 9.894267473478754E+00
2014-Jan-24, -3.983578542111322E+09, -1.500738296948894E+10, 1.086335054422860E+10, -2.092508028426121E+00, -1.369844258161530E+01, 9.893719026996845E+00
2014-Feb-23, -3.989001687250025E+09, -1.504288908992271E+10, 1.088899434964651E+10, -2.091999170161885E+00, -1.369823921615546E+01, 9.893167524175567E+00
2014-Mar-25, -3.994423441192511E+09, -1.507839453821037E+10, 1.091463672931667E+10, -2.091456317116723E+00, -1.369792401289249E+01, 9.892620368118202E+00
2014-Apr-24, -3.999843837506057E+09, -1.511389906823130E+10, 1.094027769951250E+10, -2.090959864741999E+00, -1.369754208329426E+01, 9.892079863403319E+00
2014-May-24, -4.005263005272681E+09, -1.514940260799633E+10, 1.096591727186192E+10, -2.090497433768916E+00, -1.369716142484280E+01, 9.891541156479688E+00
2014-Jun-23, -4.010681011140294E+09, -1.518490515138626E+10, 1.099155545407389E+10, -2.090068439538558E+00, -1.369678199827310E+01, 9.891007551437266E+00
2014-Jul-23, -4.016097932278728E+09, -1.522040676832238E+10, 1.101719225693331E+10, -2.089653630527958E+00, -1.369645241229838E+01, 9.890476040084152E+00
2014-Aug-22, -4.021513712357909E+09, -1.525590761315966E+10, 1.104282767649645E+10, -2.089172848253176E+00, -1.369617130371573E+01, 9.889939887392439E+00
2014-Sep-21, -4.026928159813798E+09, -1.529140768859926E+10, 1.106846170691427E+10, -2.088635741204413E+00, -1.369585593685119E+01, 9.889404926723806E+00
2014-Oct-21, -4.032341186713898E+09, -1.532690689664798E+10, 1.109409435417381E+10, -2.088083098936221E+00, -1.369550530447822E+01, 9.888872653816769E+00
2014-Nov-20, -4.037752755741074E+09, -1.536240517281290E+10, 1.111972562199986E+10, -2.087507988908329E+00, -1.369512839500251E+01, 9.888341086375048E+00
2014-Dec-20, -4.043162855911799E+09, -1.539790240964812E+10, 1.114535552149721E+10, -2.086958301965522E+00, -1.369471443781969E+01, 9.887817130521936E+00
2015-Jan-19, -4.048571574739262E+09, -1.543339859360543E+10, 1.117098407092000E+10, -2.086437813988539E+00, -1.369432715657536E+01, 9.887298443648321E+00
2015-Feb-18, -4.053978897606363E+09, -1.546889384367674E+10, 1.119661127394498E+10, -2.085868880208968E+00, -1.369398062964521E+01, 9.886778284772429E+00
2015-Mar-20, -4.059384680407592E+09, -1.550438818173202E+10, 1.122223713145048E+10, -2.085251231282670E+00, -1.369362386413957E+01, 9.886259996239996E+00
2015-Apr-19, -4.064788798104635E+09, -1.553988157004025E+10, 1.124786164542645E+10, -2.084583968723341E+00, -1.369324723899544E+01, 9.885740924146610E+00
2015-May-19, -4.070191092260661E+09, -1.557537391869786E+10, 1.127348480845592E+10, -2.083848268075732E+00, -1.369280278078303E+01, 9.885218828885961E+00
2015-Jun-18, -4.075591490844960E+09, -1.561086497007607E+10, 1.129910662476685E+10, -2.083135418099578E+00, -1.369225464386906E+01, 9.884702185308635E+00
2015-Jul-18, -4.080990134654982E+09, -1.564635453149201E+10, 1.132472710972096E+10, -2.082496668788657E+00, -1.369166920504809E+01, 9.884190839884576E+00
2015-Aug-17, -4.086387176655558E+09, -1.568184258584103E+10, 1.135034627108332E+10, -2.081896909425694E+00, -1.369108688351423E+01, 9.883681807953877E+00
2015-Sep-16, -4.091782735517793E+09, -1.571732915469860E+10, 1.137596412131008E+10, -2.081348228927412E+00, -1.369053481447810E+01, 9.883178549851561E+00
2015-Oct-16, -4.097176890180483E+09, -1.575281438631949E+10, 1.140158066958637E+10, -2.080799586842784E+00, -1.369006204195821E+01, 9.882675728302701E+00
2015-Nov-15, -4.102569509043144E+09, -1.578829846020420E+10, 1.142719590837144E+10, -2.080159084123449E+00, -1.368961992924482E+01, 9.882169306476191E+00
2015-Dec-15, -4.107960379735678E+09, -1.582378134684427E+10, 1.145280983660908E+10, -2.079454532973285E+00, -1.368914225021418E+01, 9.881664509478213E+00
2016-Jan-14, -4.113349373593632E+09, -1.585926293080729E+10, 1.147842245855891E+10, -2.078712386437419E+00, -1.368861726466683E+01, 9.881160661681673E+00
2016-Feb-13, -4.118736392346775E+09, -1.589474305698010E+10, 1.150403377518015E+10, -2.077943287909386E+00, -1.368800608353568E+01, 9.880659154839179E+00
2016-Mar-14, -4.124121479836767E+09, -1.593022149961801E+10, 1.152964380236058E+10, -2.077227865179696E+00, -1.368733013794266E+01, 9.880165439117183E+00
2016-Apr-13, -4.129504794869781E+09, -1.596569818668234E+10, 1.155525255626364E+10, -2.076565899813282E+00, -1.368666490364059E+01, 9.879675067574848E+00
2016-May-13, -4.134886386235125E+09, -1.600117316703579E+10, 1.158086003838887E+10, -2.075898977394565E+00, -1.368600400532502E+01, 9.879185257735669E+00
2016-Jun-12, -4.140266256419435E+09, -1.603664643767808E+10, 1.160646625408976E+10, -2.075233718363800E+00, -1.368534766705753E+01, 9.878697281250687E+00
2016-Jul-12, -4.145644379108942E+09, -1.607211801947147E+10, 1.163207120305474E+10, -2.074540515737144E+00, -1.368470012491152E+01, 9.878206560293984E+00
2016-Aug-11, -4.151020633371400E+09, -1.610758785624892E+10, 1.165767487668453E+10, -2.073806164136227E+00, -1.368398687990744E+01, 9.877715268085636E+00
2016-Sep-10, -4.156395023715038E+09, -1.614305575043954E+10, 1.168327728350821E+10, -2.073110365257032E+00, -1.368320781668320E+01, 9.877229266255238E+00
2016-Oct-10, -4.161767693068626E+09, -1.617852160594821E+10, 1.170887843629890E+10, -2.072470300731656E+00, -1.368242478676371E+01, 9.876746505902640E+00
2016-Nov-09, -4.167138737367720E+09, -1.621398542865175E+10, 1.173447834220908E+10, -2.071863421136038E+00, -1.368163856877807E+01, 9.876268572023223E+00
2016-Dec-09, -4.172508264087512E+09, -1.624944725753622E+10, 1.176007701710330E+10, -2.071292372750225E+00, -1.368089356832369E+01, 9.875795948554074E+00
2017-Jan-08, -4.177876292986771E+09, -1.628490724924505E+10, 1.178567446687829E+10, -2.070687474155403E+00, -1.368021901887906E+01, 9.875321584770955E+00
2017-Feb-07, -4.183242633709590E+09, -1.632036548942145E+10, 1.181127068401699E+10, -2.069997727045022E+00, -1.367952710388591E+01, 9.874846196784214E+00
2017-Mar-09, -4.188607119275925E+09, -1.635582186641551E+10, 1.183686567043811E+10, -2.069261674832716E+00, -1.367877632023125E+01, 9.874371969868211E+00
2017-Apr-08, -4.193969669618563E+09, -1.639127621356645E+10, 1.186245942713847E+10, -2.068502001358183E+00, -1.367795730091406E+01, 9.873896714012389E+00
2017-May-08, -4.199330262275346E+09, -1.642672829173922E+10, 1.188805195624913E+10, -2.067771865382542E+00, -1.367702705649810E+01, 9.873426458293578E+00
2017-Jun-07, -4.204689084472210E+09, -1.646217788113742E+10, 1.191364327622079E+10, -2.067139971436877E+00, -1.367605045815046E+01, 9.872963475200686E+00
2017-Jul-07, -4.210046377214536E+09, -1.649762497756956E+10, 1.193923339959157E+10, -2.066575301825019E+00, -1.367510878023391E+01, 9.872501901353958E+00
2017-Aug-06, -4.215402242297110E+09, -1.653306965808355E+10, 1.196482232959412E+10, -2.066042083824819E+00, -1.367418851963079E+01, 9.872043361182332E+00
2017-Sep-05, -4.220756747596232E+09, -1.656851200995166E+10, 1.199041007339727E+10, -2.065519614532276E+00, -1.367331326031758E+01, 9.871586038019235E+00
2017-Oct-05, -4.226109848406779E+09, -1.660395215410052E+10, 1.201599662679923E+10, -2.064943782063048E+00, -1.367247207947933E+01, 9.871124235598300E+00
2017-Nov-04, -4.231461386512387E+09, -1.663939004997289E+10, 1.204158198382128E+10, -2.064329025022063E+00, -1.367157348443183E+01, 9.870664259961494E+00
2017-Dec-04, -4.236811346918638E+09, -1.667482554431567E+10, 1.206716615449211E+10, -2.063734070451535E+00, -1.367062361987411E+01, 9.870208983976115E+00
2018-Jan-03, -4.242159795714154E+09, -1.671025855589521E+10, 1.209274914765498E+10, -2.063155455495805E+00, -1.366965434032351E+01, 9.869755479048882E+00
2018-Feb-02, -4.247506787669067E+09, -1.674568899988223E+10, 1.211833097373392E+10, -2.062619346724690E+00, -1.366865085594617E+01, 9.869308959020026E+00
2018-Mar-04, -4.252852454735464E+09, -1.678111685851623E+10, 1.214391164944743E+10, -2.062129302120403E+00, -1.366766787878755E+01, 9.868867032186483E+00
2018-Apr-03, -4.258196836916383E+09, -1.681654223196172E+10, 1.216949117656876E+10, -2.061612788538449E+00, -1.366672116528595E+01, 9.868422206067041E+00
2018-May-03, -4.263539836686307E+09, -1.685196511181815E+10, 1.219506955154043E+10, -2.061069638587194E+00, -1.366574189150164E+01, 9.867978350227984E+00
2018-Jun-02, -4.268881419413968E+09, -1.688738539876338E+10, 1.222064677691996E+10, -2.060524074618811E+00, -1.366472052884729E+01, 9.867534959812266E+00
2018-Jul-02, -4.274221579957883E+09, -1.692280297939794E+10, 1.224622284989999E+10, -2.059973029271044E+00, -1.366364107229559E+01, 9.867089897844737E+00
2018-Aug-01, -4.279560387932358E+09, -1.695821764441516E+10, 1.227179777730706E+10, -2.059494651994965E+00, -1.366248238203180E+01, 9.866651607694905E+00
2018-Aug-31, -4.284898097161943E+09, -1.699362928654966E+10, 1.229737157773059E+10, -2.059125358569243E+00, -1.366132499309312E+01, 9.866219671276424E+00
2018-Sep-30, -4.290234924833808E+09, -1.702903800512314E+10, 1.232294425964740E+10, -2.058803061380787E+00, -1.366022076882352E+01, 9.865788797889747E+00
2018-Oct-30, -4.295570965631438E+09, -1.706444391558203E+10, 1.234851583090819E+10, -2.058514514203790E+00, -1.365916576310393E+01, 9.865362263284753E+00
2018-Nov-29, -4.300906254831191E+09, -1.709984717884959E+10, 1.237408629801023E+10, -2.058213332873605E+00, -1.365817999317687E+01, 9.864935739159890E+00
2018-Dec-29, -4.306240653377163E+09, -1.713524793261415E+10, 1.239965565273414E+10, -2.057822952015381E+00, -1.365720524532254E+01, 9.864504904550310E+00
2019-Jan-28, -4.311573981206964E+09, -1.717064606983498E+10, 1.242522389407046E+10, -2.057398092912936E+00, -1.365615936155832E+01, 9.864076969325618E+00
2019-Feb-27, -4.316906227674874E+09, -1.720604140397275E+10, 1.245079103120107E+10, -2.056995278418337E+00, -1.365504971538702E+01, 9.863652414670476E+00
2019-Mar-29, -4.322237458893882E+09, -1.724143379197602E+10, 1.247635706944185E+10, -2.056621357842872E+00, -1.365387794233336E+01, 9.863230380475949E+00
2019-Apr-28, -4.327567836443388E+09, -1.727682307883902E+10, 1.250192202426489E+10, -2.056340385604290E+00, -1.365267122753249E+01, 9.862816045353352E+00
2019-May-28, -4.332897601807714E+09, -1.731220927603333E+10, 1.252748591097884E+10, -2.056139285460290E+00, -1.365150759306222E+01, 9.862404697536695E+00
2019-Jun-27, -4.338226851559699E+09, -1.734759252344900E+10, 1.255304872808955E+10, -2.055938142937103E+00, -1.365038135035297E+01, 9.861991678375164E+00
2019-Jul-27, -4.343555592684801E+09, -1.738297286415844E+10, 1.257861047694830E+10, -2.055745164342805E+00, -1.364926529135198E+01, 9.861580040263464E+00
2019-Aug-26, -4.348883838599655E+09, -1.741835032134233E+10, 1.260417115841148E+10, -2.055551712326179E+00, -1.364815792303670E+01, 9.861167131843121E+00
2019-Sep-25, -4.354211553767436E+09, -1.745372486764117E+10, 1.262973076716800E+10, -2.055347095329091E+00, -1.364700492983205E+01, 9.860754339908487E+00
2019-Oct-25, -4.359538818149602E+09, -1.748909636183328E+10, 1.265528931488634E+10, -2.055210499000907E+00, -1.364581277906550E+01, 9.860348478059651E+00
2019-Nov-24, -4.364865837575908E+09, -1.752446478966314E+10, 1.268084681804438E+10, -2.055149433810240E+00, -1.364465252072831E+01, 9.859947020245500E+00
2019-Dec-24, -4.370192727356133E+09, -1.755983026038631E+10, 1.270640328306993E+10, -2.055112202563401E+00, -1.364352417893354E+01, 9.859548707963445E+00
2020-Jan-23, -4.375519560425947E+09, -1.759519286159796E+10, 1.273195872207436E+10, -2.055099300197587E+00, -1.364244238723688E+01, 9.859154583868905E+00
2020-Feb-22, -4.380846344720242E+09, -1.763055273486737E+10, 1.275751313898257E+10, -2.055059679804041E+00, -1.364141791638173E+01, 9.858758412036167E+00
2020-Mar-23, -4.386172928347343E+09, -1.766590993421053E+10, 1.278306652439180E+10, -2.054955250503619E+00, -1.364036059821481E+01, 9.858360384450741E+00
2020-Apr-22, -4.391499236601896E+09, -1.770126430428402E+10, 1.280861888142721E+10, -2.054856466258025E+00, -1.363923419787683E+01, 9.857965066539926E+00
2020-May-22, -4.396825351073480E+09, -1.773661568913988E+10, 1.283417021670230E+10, -2.054804231008417E+00, -1.363806317705649E+01, 9.857571127597067E+00
2020-Jun-21, -4.402151404506973E+09, -1.777196396623856E+10, 1.285972053529348E+10, -2.054825106672853E+00, -1.363683729026842E+01, 9.857182327313481E+00
2020-Jul-21, -4.407477669243443E+09, -1.780730906757673E+10, 1.288526985614109E+10, -2.054966433087249E+00, -1.363562664174916E+01, 9.856800792574610E+00
2020-Aug-20, -4.412804418159541E+09, -1.784265114414884E+10, 1.291081819127408E+10, -2.055179061130737E+00, -1.363451057679565E+01, 9.856420077731933E+00
2020-Sep-19, -4.418131723759128E+09, -1.787799041717774E+10, 1.293636553932482E+10, -2.055398141521741E+00, -1.363345752193447E+01, 9.856040204568000E+00
2020-Oct-19, -4.423459594690101E+09, -1.791332703815603E+10, 1.296191190423983E+10, -2.055610478634618E+00, -1.363246166062785E+01, 9.855661107859637E+00
2020-Nov-18, -4.428787971339128E+09, -1.794866113974593E+10, 1.298745728319102E+10, -2.055776867220303E+00, -1.363150418152787E+01, 9.855278639147821E+00
2020-Dec-18, -4.434116721567506E+09, -1.798399270407764E+10, 1.301300167185651E+10, -2.055917035587523E+00, -1.363049702233405E+01, 9.854898796059711E+00
2021-Jan-17, -4.439445884919233E+09, -1.801932160601567E+10, 1.303854508400518E+10, -2.056103285154089E+00, -1.362945645650996E+01, 9.854525225672711E+00
2021-Feb-16, -4.444775602192688E+09, -1.805464783200370E+10, 1.306408753209358E+10, -2.056334218937788E+00, -1.362843460210914E+01, 9.854154021357079E+00
2021-Mar-18, -4.450105966512392E+09, -1.808997140939985E+10, 1.308962902407431E+10, -2.056611502587253E+00, -1.362741758775360E+01, 9.853788245887554E+00
2021-Apr-17, -4.455437116855390E+09, -1.812529240841856E+10, 1.311516957330828E+10, -2.056936132608071E+00, -1.362645118066114E+01, 9.853425848233988E+00
2021-May-17, -4.460769105196986E+09, -1.816061100024934E+10, 1.314070917927974E+10, -2.057241394034999E+00, -1.362555037552146E+01, 9.853059511846691E+00
2021-Jun-16, -4.466101840672168E+09, -1.819592724409630E+10, 1.316624783482151E+10, -2.057524107639787E+00, -1.362463452747381E+01, 9.852693463486023E+00
2021-Jul-16, -4.471435328496262E+09, -1.823124108551193E+10, 1.319178554390071E+10, -2.057829142341881E+00, -1.362369822216290E+01, 9.852329317945422E+00
2021-Aug-15, -4.476769647383981E+09, -1.826655250055602E+10, 1.321732230865529E+10, -2.058161762634239E+00, -1.362275701777176E+01, 9.851964946352249E+00
2021-Sep-14, -4.482104912707513E+09, -1.830186144147398E+10, 1.324285813702343E+10, -2.058572148449916E+00, -1.362180058605041E+01, 9.851607586731504E+00
2021-Oct-14, -4.487441368400103E+09, -1.833716796939888E+10, 1.326839304800001E+10, -2.059077097022302E+00, -1.362090910182243E+01, 9.851256455947384E+00
2021-Nov-13, -4.492779174251633E+09, -1.837247234268121E+10, 1.329392704861157E+10, -2.059595845238387E+00, -1.362013113171671E+01, 9.850904699594437E+00
2021-Dec-13, -4.498118302910807E+09, -1.840777479168028E+10, 1.331946014053475E+10, -2.060097113022103E+00, -1.361942544860753E+01, 9.850555291560454E+00
2022-Jan-12, -4.503458679429586E+09, -1.844307549685968E+10, 1.334499232708528E+10, -2.060554660415938E+00, -1.361878267323326E+01, 9.850205473839283E+00
2022-Feb-11, -4.508800131361217E+09, -1.847837457479546E+10, 1.337052360045453E+10, -2.060923733376093E+00, -1.361814804898658E+01, 9.849851295669572E+00
2022-Mar-13, -4.514142500359179E+09, -1.851367191516889E+10, 1.339605396001442E+10, -2.061279073279241E+00, -1.361744423498787E+01, 9.849501047728328E+00
2022-Apr-12, -4.519485853296673E+09, -1.854896737390067E+10, 1.342158341857235E+10, -2.061690934556250E+00, -1.361670793790290E+01, 9.849155742046783E+00
2022-May-12, -4.524830336634976E+09, -1.858426094021307E+10, 1.344711198359498E+10, -2.062149239821444E+00, -1.361597947623535E+01, 9.848812196781292E+00
2022-Jun-11, -4.530176108087407E+09, -1.861955263882914E+10, 1.347263966672131E+10, -2.062686635849296E+00, -1.361528085720937E+01, 9.848474913436934E+00
2022-Jul-11, -4.535523351408550E+09, -1.865484263860245E+10, 1.349816647943739E+10, -2.063275261605751E+00, -1.361467932033627E+01, 9.848139301025430E+00
2022-Aug-10, -4.540872079259374E+09, -1.869013121294671E+10, 1.352369241601072E+10, -2.063822863651835E+00, -1.361416352494126E+01, 9.847799526359738E+00
2022-Sep-09, -4.546222186109951E+09, -1.872541848952687E+10, 1.354921747288556E+10, -2.064341795114612E+00, -1.361367727805621E+01, 9.847460487304900E+00
2022-Oct-09, -4.551573616492197E+09, -1.876070453571886E+10, 1.357474165164361E+10, -2.064844942029865E+00, -1.361321737773366E+01, 9.847121423325564E+00
2022-Nov-08, -4.556926307078473E+09, -1.879598940284331E+10, 1.360026494952487E+10, -2.065320504638434E+00, -1.361275430991769E+01, 9.846782437945377E+00
2022-Dec-08, -4.562280275964820E+09, -1.883127305633751E+10, 1.362578737801006E+10, -2.065836660220278E+00, -1.361229229528814E+01, 9.846450513417405E+00
2023-Jan-07, -4.567635644019423E+09, -1.886655558505905E+10, 1.365130895301497E+10, -2.066392175831826E+00, -1.361189968771494E+01, 9.846122539650496E+00
2023-Feb-06, -4.572992416513259E+09, -1.890183719768263E+10, 1.367682967675240E+10, -2.066917224631009E+00, -1.361157336286550E+01, 9.845794625274429E+00
2023-Mar-08, -4.578350521155582E+09, -1.893711802817028E+10, 1.370234955402774E+10, -2.067416131431409E+00, -1.361129811513341E+01, 9.845468719019086E+00
2023-Apr-07, -4.583709859305594E+09, -1.897239821055550E+10, 1.372786858458736E+10, -2.067860502228723E+00, -1.361107294123374E+01, 9.845139943047840E+00
2023-May-07, -4.589070230274091E+09, -1.900767779827051E+10, 1.375338675653012E+10, -2.068223800410899E+00, -1.361081974765824E+01, 9.844808045596668E+00
2023-Jun-06, -4.594431537247323E+09, -1.904295665319103E+10, 1.377890407238948E+10, -2.068593271563258E+00, -1.361051199064096E+01, 9.844479579951511E+00
2023-Jul-06, -4.599793866641650E+09, -1.907823469052988E+10, 1.380442054126091E+10, -2.069010885186368E+00, -1.361020156449903E+01, 9.844153499280887E+00
2023-Aug-05, -4.605157318585418E+09, -1.911351193701847E+10, 1.382993616721621E+10, -2.069467659682063E+00, -1.360990007875292E+01, 9.843830744059224E+00
2023-Sep-04, -4.610522042360933E+09, -1.914878847088983E+10, 1.385545096448711E+10, -2.069987300650734E+00, -1.360966386049209E+01, 9.843513428370301E+00
2023-Oct-04, -4.615888140851040E+09, -1.918406454836794E+10, 1.388096494023188E+10, -2.070508484127881E+00, -1.360955430059989E+01, 9.843195040998046E+00
2023-Nov-03, -4.621255484882979E+09, -1.921934045402387E+10, 1.390647808593776E+10, -2.070949581477763E+00, -1.360951649665620E+01, 9.842874296265038E+00
2023-Dec-03, -4.626623878650953E+09, -1.925461631168576E+10, 1.393199040026763E+10, -2.071317539309067E+00, -1.360951198430652E+01, 9.842553376373402E+00
2024-Jan-02, -4.631993132323741E+09, -1.928989217812942E+10, 1.395750188043866E+10, -2.071607072157474E+00, -1.360951867713475E+01, 9.842229791030299E+00
2024-Feb-01, -4.637363043125442E+09, -1.932516799311925E+10, 1.398301252207145E+10, -2.071843763856385E+00, -1.360946436911957E+01, 9.841908351874885E+00
2024-Mar-02, -4.642733594378662E+09, -1.936044361267501E+10, 1.400852233858158E+10, -2.072107786521272E+00, -1.360937718563502E+01, 9.841592997096289E+00
2024-Apr-01, -4.648104875796672E+09, -1.939571904233332E+10, 1.403403134123312E+10, -2.072394772047180E+00, -1.360932547688583E+01, 9.841278947886190E+00
2024-May-01, -4.653476887305623E+09, -1.943099436695512E+10, 1.405953953130755E+10, -2.072677718779796E+00, -1.360929566590379E+01, 9.840966997367831E+00
2024-May-31, -4.658849630712886E+09, -1.946626967529634E+10, 1.408504691486833E+10, -2.072954170455617E+00, -1.360931598227165E+01, 9.840655974083647E+00
2024-Jun-30, -4.664223030454849E+09, -1.950154511889774E+10, 1.411055348674282E+10, -2.073168485479401E+00, -1.360939251925468E+01, 9.840339563463051E+00
2024-Jul-30, -4.669596882117713E+09, -1.953682073121497E+10, 1.413605923511065E+10, -2.073317850518762E+00, -1.360943785003224E+01, 9.840022124856311E+00
2024-Aug-29, -4.674971107230345E+09, -1.957209641624674E+10, 1.416156416352481E+10, -2.073464666940128E+00, -1.360945226510440E+01, 9.839707108802168E+00
2024-Sep-28, -4.680345729101319E+09, -1.960737214868188E+10, 1.418706827617899E+10, -2.073616339331439E+00, -1.360947567512011E+01, 9.839392175868408E+00
2024-Oct-28, -4.685720758483834E+09, -1.964264793299416E+10, 1.421257157807857E+10, -2.073789538107614E+00, -1.360949977456687E+01, 9.839082528345184E+00
2024-Nov-27, -4.691096274976173E+09, -1.967792385083560E+10, 1.423807408382821E+10, -2.073986603667072E+00, -1.360958816815981E+01, 9.838777205835571E+00
2024-Dec-27, -4.696472252361939E+09, -1.971320013277730E+10, 1.426357579534271E+10, -2.074124544233693E+00, -1.360977266989642E+01, 9.838468680860288E+00
2025-Jan-26, -4.701848460724751E+09, -1.974847692627537E+10, 1.428907670576377E+10, -2.074169830830831E+00, -1.360997698291501E+01, 9.838159626633278E+00
2025-Feb-25, -4.707224675157424E+09, -1.978375424352131E+10, 1.431457681384406E+10, -2.074131787417497E+00, -1.361017179651222E+01, 9.837849363845706E+00
2025-Mar-27, -4.712600676984322E+09, -1.981903202697993E+10, 1.434007611187213E+10, -2.074003858888360E+00, -1.361032171369301E+01, 9.837534785288888E+00
2025-Apr-26, -4.717976307423354E+09, -1.985431005883911E+10, 1.436557459830164E+10, -2.073865021813490E+00, -1.361036903686246E+01, 9.837224154603661E+00
2025-May-26, -4.723351644066863E+09, -1.988958814157870E+10, 1.439107228653163E+10, -2.073783303441918E+00, -1.361037493200679E+01, 9.836918592782691E+00
2025-Jun-25, -4.728726817664565E+09, -1.992486627083963E+10, 1.441656918297779E+10, -2.073728915695376E+00, -1.361040304047823E+01, 9.836613055086385E+00
2025-Jul-25, -4.734101884472512E+09, -1.996014449357074E+10, 1.444206529230896E+10, -2.073702296230435E+00, -1.361045729251236E+01, 9.836311156393410E+00
2025-Aug-24, -4.739476887330907E+09, -1.999542294123362E+10, 1.446756062010274E+10, -2.073671227955301E+00, -1.361058218637132E+01, 9.836009066870290E+00
2025-Sep-23, -4.744851707687475E+09, -2.003070180218420E+10, 1.449305515649914E+10, -2.073550032641893E+00, -1.361075703989675E+01, 9.835700825946494E+00
2025-Oct-23, -4.750226116609712E+09, -2.006598107990277E+10, 1.451854889384578E+10, -2.073362410202729E+00, -1.361090214104101E+01, 9.835392975257271E+00
2025-Nov-22, -4.755599995384283E+09, -2.010126068989294E+10, 1.454404183519820E+10, -2.073146324809986E+00, -1.361101791910010E+01, 9.835086431964319E+00
2025-Dec-22, -4.760973264572967E+09, -2.013654057189147E+10, 1.456953398054358E+10, -2.072893196115651E+00, -1.361110126993244E+01, 9.834779797840280E+00
2026-Jan-21, -4.766345895391334E+09, -2.017182061007513E+10, 1.459502533950629E+10, -2.072659976557388E+00, -1.361115007545219E+01, 9.834479566977661E+00
2026-Feb-20, -4.771717953893491E+09, -2.020710079697380E+10, 1.462051592568390E+10, -2.072445799850299E+00, -1.361122784457408E+01, 9.834182295325702E+00
2026-Mar-22, -4.777089394615099E+09, -2.024238124195101E+10, 1.464600573688021E+10, -2.072176018675286E+00, -1.361133470037280E+01, 9.833882135049263E+00
2026-Apr-21, -4.782460077346975E+09, -2.027766194985142E+10, 1.467149477097995E+10, -2.071861088202917E+00, -1.361143167493511E+01, 9.833582261998728E+00
2026-May-21, -4.787829883761164E+09, -2.031294288880340E+10, 1.469698302546200E+10, -2.071498000916784E+00, -1.361151383793486E+01, 9.833279697060139E+00
2026-Jun-20, -4.793198656960744E+09, -2.034822397481638E+10, 1.472247048918481E+10, -2.071072487265861E+00, -1.361152751058225E+01, 9.832973811292172E+00
2026-Jul-20, -4.798566351304108E+09, -2.038350497601306E+10, 1.474795716569334E+10, -2.070676466429848E+00, -1.361145786934085E+01, 9.832672480783529E+00
2026-Aug-16, -4.803292120898789E+09, -2.041457167783490E+10, 1.477039895819556E+10, -2.070383501171848E+00, -1.361138476925697E+01, 9.832410283850580E+00
$$EOE
